Date,High,Low,Open,Close,Volume,Adj Close
2000-01-03,69.1875,63.8125,68.625,65.1875,12030800.0,44.119319915771484
2000-01-04,64.3125,61.25,64.0,61.75,8774500.0,41.79279708862305
2000-01-05,63.0,61.0,61.75,63.0,6931400.0,42.638816833496094
2000-01-06,62.0,60.0,61.625,60.0,6603400.0,40.60840606689453
2000-01-07,63.5,60.75,61.75,63.5,6201600.0,42.97720718383789
2000-01-10,63.5625,62.0,62.0,63.1875,5453000.0,42.76571273803711
2000-01-11,63.625,61.25,63.4375,61.5625,4371500.0,41.66590881347656
2000-01-12,62.0625,60.6875,61.5625,61.0625,4599400.0,41.327491760253906
2000-01-13,62.5,61.5,62.125,62.125,4538900.0,42.04661178588867
2000-01-14,62.4375,61.1875,62.375,61.9375,4578000.0,41.919708251953125
2000-01-18,61.25,60.125,61.25,60.5,5322000.0,40.94679260253906
2000-01-19,62.4375,60.125,60.125,61.875,5176400.0,41.87739944458008
2000-01-20,61.75,59.875,61.5625,60.8125,7213400.0,41.158302307128906
2000-01-21,61.5,59.4375,61.5,60.0,6682900.0,40.60840606689453
2000-01-24,60.9375,56.6875,60.9375,58.0,7339600.0,39.254798889160156
2000-01-25,57.125,54.875,57.0,56.125,10252400.0,37.98576736450195
2000-01-26,57.6875,55.0625,55.9375,57.375,8468400.0,38.831790924072266
2000-01-27,59.5,56.1875,57.875,58.25,6915900.0,39.423988342285156
2000-01-28,57.4375,55.5,57.0,55.625,7425100.0,37.647369384765625
2000-01-31,56.8125,55.0625,56.5,56.625,5958600.0,38.32417297363281
2000-02-01,62.0,56.8125,56.9375,62.0,10950500.0,41.962013244628906
2000-02-02,61.5,59.625,61.0,60.75,5862100.0,41.11599349975586
2000-02-03,60.625,59.0,60.5,60.5,4008800.0,40.94679260253906
2000-02-04,61.5,60.3125,61.0,61.125,4063900.0,41.36980438232422
2000-02-07,61.0,59.0,61.0,59.0,3796600.0,39.93159484863281
2000-02-08,61.4375,59.5625,59.75,61.0,4501700.0,41.28519821166992
2000-02-09,61.3125,58.75,61.3125,58.75,5289700.0,39.76238250732422
2000-02-10,59.9375,58.375,59.0,59.5625,3644900.0,40.312286376953125
2000-02-11,60.5,59.1875,59.5,60.0625,4647100.0,40.650699615478516
2000-02-14,60.5,59.4375,59.5,60.3125,3173900.0,40.81989669799805
2000-02-15,60.1875,59.0625,60.0625,59.75,3531100.0,40.439170837402344
2000-02-16,59.375,55.75,58.75,57.25,6829800.0,38.74717712402344
2000-02-17,57.4375,53.5625,57.25,54.5,10785700.0,36.88595962524414
2000-02-18,55.8125,52.8125,54.5625,53.75,10402700.0,36.378353118896484
2000-02-22,55.5625,53.125,54.125,53.625,8019200.0,36.29375457763672
2000-02-23,55.0,52.875,54.1875,54.8125,6533700.0,37.09747314453125
2000-02-24,55.1875,52.625,54.9375,53.0625,7763600.0,35.91305160522461
2000-02-25,54.25,52.75,53.5,53.0,6155600.0,35.8707389831543
2000-02-28,56.875,52.9375,53.75,56.8125,8120100.0,38.451087951660156
2000-02-29,58.4375,56.8125,57.4375,57.5,7119900.0,38.91636657714844
2000-03-01,58.3125,54.3125,57.8125,55.625,6504000.0,37.647369384765625
2000-03-02,56.25,54.1875,55.5625,55.125,5352000.0,37.3089599609375
2000-03-03,55.8125,54.375,55.5,54.5,5832800.0,36.88595962524414
2000-03-06,54.6875,53.125,54.375,53.875,4821800.0,36.46295166015625
2000-03-07,55.0,51.0,55.0,52.375,8491900.0,35.47407150268555
2000-03-08,53.75,51.6875,52.3125,52.5,6631400.0,35.558746337890625
2000-03-09,55.5,51.75,53.3125,55.3125,5736400.0,37.46367263793945
2000-03-10,55.8125,53.375,55.625,53.5,4456000.0,36.23604965209961
2000-03-13,53.1875,51.8125,52.625,53.0,4412500.0,35.89738845825195
2000-03-14,53.3125,51.875,52.75,52.3125,5094600.0,35.43174743652344
2000-03-15,57.25,51.875,52.625,57.0,8097100.0,38.60663604736328
2000-03-16,61.875,58.625,59.0,61.5,12165000.0,41.654541015625
2000-03-17,64.5625,61.5,61.5,63.1875,13587500.0,42.79749298095703
2000-03-20,64.125,61.9375,63.4375,63.625,5350300.0,43.093814849853516
2000-03-21,64.6875,61.8125,63.625,63.5,5552300.0,43.00914001464844
2000-03-22,63.9375,61.125,62.375,63.0625,4746500.0,42.71281814575195
2000-03-23,64.3125,62.1875,63.0625,64.125,5540300.0,43.43246841430664
2000-03-24,65.3125,63.5,64.0,64.375,5903600.0,43.60179138183594
2000-03-27,64.625,63.0,64.375,64.375,3828000.0,43.60179138183594
2000-03-28,65.75,63.0,63.0625,64.0,4848400.0,43.347808837890625
2000-03-29,68.5625,64.875,64.875,68.5,6944300.0,46.39569854736328
2000-03-30,69.5625,65.9375,68.0,67.0,7934300.0,45.37972640991211
2000-03-31,67.3125,64.25,67.0,64.5,5169700.0,43.686458587646484
2000-04-03,68.0625,65.4375,65.5,68.0,5898500.0,46.05704879760742
2000-04-04,68.625,63.4375,67.75,64.625,8188500.0,43.7711181640625
2000-04-05,64.625,63.0,63.5,64.0,5348300.0,43.347808837890625
2000-04-06,67.0,63.25,63.9375,65.9375,4234800.0,44.66008377075195
2000-04-07,67.3125,64.125,66.125,64.125,3425100.0,43.43246841430664
2000-04-10,67.25,64.25,65.125,66.6875,3992300.0,45.1680793762207
2000-04-11,67.375,65.625,65.6875,67.375,3714600.0,45.633724212646484
2000-04-12,70.0,66.0,68.1875,66.0,7081600.0,44.70242691040039
2000-04-13,66.3125,60.0,66.3125,62.5,7953100.0,42.33184051513672
2000-04-14,60.25,56.9375,60.0,60.25,7695600.0,40.807884216308594
2000-04-17,58.1875,55.3125,56.375,57.25,8667000.0,38.775978088378906
2000-04-18,59.3125,56.0625,57.0,58.75,7233700.0,39.791927337646484
2000-04-19,60.0,57.625,58.6875,58.75,5078400.0,39.791927337646484
2000-04-20,59.125,57.25,58.125,58.625,4111100.0,39.70728302001953
2000-04-24,61.75,57.875,58.0,59.5625,4850200.0,40.34224319458008
2000-04-25,60.3125,58.6875,60.25,59.0,5227700.0,39.96125411987305
2000-04-26,60.875,59.4375,59.5,60.5,4469400.0,40.97722244262695
2000-04-27,60.0,58.25,60.0,58.8125,4940000.0,39.834259033203125
2000-04-28,58.875,55.5,58.25,56.5,6475300.0,38.26799011230469
2000-05-01,57.875,56.125,56.5,56.125,4360000.0,38.01399230957031
2000-05-02,57.9375,56.0625,57.25,56.8125,3961700.0,38.47964859008789
2000-05-03,55.5625,52.5625,55.5,54.0,6666000.0,36.57470703125
2000-05-04,53.8125,51.8125,53.75,52.5,6863800.0,35.558746337890625
2000-05-05,53.5,51.1875,51.8125,53.3125,6345700.0,36.10905075073242
2000-05-08,54.125,52.0,53.125,53.5625,5133800.0,36.278385162353516
2000-05-09,54.625,51.75,53.5625,52.5,4821700.0,35.558746337890625
2000-05-10,54.25,51.6875,52.5,54.0,6547300.0,36.57470703125
2000-05-11,55.25,53.0625,54.5,53.875,4413300.0,36.49003982543945
2000-05-12,55.25,53.625,53.75,54.0,3683400.0,36.57470703125
2000-05-15,56.875,53.5,53.5,56.5,5611300.0,38.26799011230469
2000-05-16,56.5,52.0,56.5,53.4375,13052500.0,36.193729400634766
2000-05-17,53.4375,51.5,52.75,52.25,7027500.0,35.389408111572266
2000-05-18,53.4375,51.3125,51.875,51.5,6951400.0,34.88142013549805
2000-05-19,52.25,51.0625,51.1875,51.5625,5682600.0,34.92376708984375
2000-05-22,52.0,50.0,51.6875,50.375,5313500.0,34.119449615478516
2000-05-23,51.125,48.1875,50.625,49.75,6293100.0,33.69615173339844
2000-05-24,48.0,44.125,48.0,46.75,17769300.0,31.66421127319336
2000-05-25,49.8125,46.3125,48.0,46.5,8621100.0,31.49489402770996
2000-05-26,48.75,46.25,48.5,46.875,4711400.0,31.748886108398438
2000-05-30,47.8125,46.625,47.5,47.25,4767600.0,32.00288009643555
2000-05-31,49.125,46.625,46.75,49.0,6583700.0,33.18815612792969
2000-06-01,50.0625,48.5,49.0,49.875,6049000.0,33.78081130981445
2000-06-02,54.0,52.0,52.75,53.625,8388800.0,36.32072830200195
2000-06-05,53.625,52.25,53.5,52.375,3858000.0,35.47407150268555
2000-06-06,52.0625,50.0625,52.0625,50.375,6753000.0,34.119449615478516
2000-06-07,51.8125,49.875,51.25,50.5625,4581800.0,34.246456146240234
2000-06-08,51.5,49.5,51.4375,49.875,5036400.0,33.78081130981445
2000-06-09,51.25,47.625,50.375,48.1875,5466100.0,32.637855529785156
2000-06-12,47.5625,45.0,47.5625,46.0,12584100.0,31.156234741210938
2000-06-13,49.6875,45.9375,46.125,49.375,9177000.0,33.47127151489258
2000-06-14,51.0,49.0625,49.75,51.0,8827700.0,34.572837829589844
2000-06-15,51.25,50.25,50.9375,50.875,5048400.0,34.48810577392578
2000-06-16,51.0,49.5625,50.875,49.8125,7158700.0,33.76783752441406
2000-06-19,50.0,48.75,49.375,50.0,5058600.0,33.894954681396484
2000-06-20,49.75,48.375,49.125,48.875,5080900.0,33.13230895996094
2000-06-21,48.875,47.6875,48.875,48.5625,3773900.0,32.920475006103516
2000-06-22,48.1875,46.9375,47.625,47.875,5537600.0,32.45441436767578
2000-06-23,48.125,47.0625,48.0625,48.0,3631600.0,32.53915786743164
2000-06-26,48.375,47.0625,47.625,47.125,3663400.0,31.945980072021484
2000-06-27,50.125,47.5,47.625,49.5625,6641200.0,33.59835433959961
2000-06-28,49.9375,48.125,49.8125,48.125,5233400.0,32.62388610839844
2000-06-29,48.25,47.125,48.125,47.875,5339200.0,32.45441436767578
2000-06-30,50.046875,47.625,48.0625,49.9375,5055500.0,33.85257339477539
2000-07-03,49.875,48.625,49.6875,49.6875,1885300.0,33.683101654052734
2000-07-05,50.875,49.625,49.9375,50.25,4063400.0,34.064430236816406
2000-07-06,52.125,50.0,50.375,51.25,4646900.0,34.7423210144043
2000-07-07,55.875,52.375,53.0,55.5,10254800.0,37.623382568359375
2000-07-10,58.125,54.75,55.3125,57.5,9340900.0,38.979183197021484
2000-07-11,58.5625,57.0625,57.375,57.625,7711000.0,39.06393051147461
2000-07-12,58.0625,56.375,57.6875,57.375,5062400.0,38.89445877075195
2000-07-13,57.6875,55.75,57.625,56.1875,3751500.0,38.089439392089844
2000-07-14,56.6875,55.375,56.6875,56.4375,3456600.0,38.258914947509766
2000-07-17,57.0,55.625,56.875,56.875,3686600.0,38.555503845214844
2000-07-18,58.1875,56.75,56.875,57.375,4019800.0,38.89445877075195
2000-07-19,57.625,56.8125,57.5625,57.125,2794900.0,38.72499465942383
2000-07-20,58.5,57.0,57.125,58.0625,4664500.0,39.36050033569336
2000-07-21,58.75,57.125,58.375,57.125,3611700.0,38.72499465942383
2000-07-24,56.6875,54.8125,56.5,56.0,3839900.0,37.96235275268555
2000-07-25,55.8125,54.125,55.75,55.0,4115200.0,37.28443908691406
2000-07-26,55.875,53.5625,54.5,53.5625,5031400.0,36.30995559692383
2000-07-27,54.8125,53.75,54.3125,54.75,3319300.0,37.114959716796875
2000-07-28,54.9375,52.25,54.8125,52.6875,3639900.0,35.716796875
2000-07-31,52.9375,51.375,52.875,51.75,3888800.0,35.081268310546875
2000-08-01,52.5,51.0,51.9375,52.0,3623600.0,35.25074768066406
2000-08-02,53.5,51.875,52.375,53.125,3331100.0,36.01338195800781
2000-08-03,53.875,51.4375,53.1875,51.75,3913800.0,35.081268310546875
2000-08-04,54.0,51.625,51.8125,54.0,4235200.0,36.60655212402344
2000-08-07,55.5,52.625,52.625,55.0,4122900.0,37.28443908691406
2000-08-08,58.4375,54.9375,55.0,57.0,6870100.0,38.64024353027344
2000-08-09,58.0,55.75,57.3125,58.0,4782800.0,39.31813430786133
2000-08-10,57.4375,55.125,57.375,55.125,4227000.0,37.369178771972656
2000-08-11,56.5,55.0,55.0,55.9375,2719500.0,37.91997528076172
2000-08-14,60.0,56.8125,56.8125,59.0,5011300.0,39.99604415893555
2000-08-15,56.0625,53.0,56.0,53.5,16307100.0,36.26759338378906
2000-08-16,52.25,49.75,52.1875,51.0,20874900.0,34.572837829589844
2000-08-17,51.5,50.4375,51.125,51.3125,6989900.0,34.784690856933594
2000-08-18,52.125,50.75,51.125,51.375,6392800.0,34.82705307006836
2000-08-21,51.4375,49.9375,51.125,50.875,5822700.0,34.48810577392578
2000-08-22,52.0,50.5625,50.9375,51.1875,4724000.0,34.699951171875
2000-08-23,51.375,50.5,51.21875,51.375,5202900.0,34.82705307006836
2000-08-24,50.9375,49.875,50.625,50.4375,5200800.0,34.191524505615234
2000-08-25,50.6875,50.125,50.4375,50.5,3784300.0,34.23389434814453
2000-08-28,50.8125,50.0,50.625,50.0,4950400.0,33.894954681396484
2000-08-29,50.3125,49.0625,49.9375,49.6875,5433100.0,33.710079193115234
2000-08-30,49.3125,48.0,49.25,48.375,8329200.0,32.819610595703125
2000-08-31,49.375,48.0,48.1875,48.0625,8541200.0,32.607608795166016
2000-09-01,49.0,48.0625,49.0,48.5625,5517300.0,32.94682693481445
2000-09-05,51.0,48.625,48.9375,50.125,5492500.0,34.006900787353516
2000-09-06,51.125,50.5,50.625,50.625,5266700.0,34.34612274169922
2000-09-07,51.0,50.0625,50.625,50.5,5109900.0,34.261314392089844
2000-09-08,53.4375,50.75,50.875,52.9375,7810500.0,35.91500473022461
2000-09-11,54.875,52.9375,53.0,54.25,5222000.0,36.80544662475586
2000-09-12,55.9375,54.25,54.6875,55.875,6328100.0,37.907920837402344
2000-09-13,56.125,53.875,55.25,54.75,7056100.0,37.14468002319336
2000-09-14,56.1875,54.75,55.875,55.5,5346800.0,37.65351867675781
2000-09-15,55.9375,54.25,55.9375,54.25,6577700.0,36.80544662475586
2000-09-18,55.8125,53.6875,54.625,55.0625,4399500.0,37.356693267822266
2000-09-19,55.125,52.75,55.0,53.0,4102400.0,35.957420349121094
2000-09-20,53.8125,52.5625,53.5,53.0,3739300.0,35.957420349121094
2000-09-21,56.0,53.0,53.125,55.0,5001200.0,37.31428527832031
2000-09-22,55.9375,54.25,54.75,55.9375,5557600.0,37.95032501220703
2000-09-25,55.9375,53.6875,55.9375,54.625,4601800.0,37.05988311767578
2000-09-26,54.5,52.1875,54.4375,53.375,5580200.0,36.21183395385742
2000-09-27,54.9375,53.625,54.9375,54.75,5173100.0,37.14468002319336
2000-09-28,55.0,53.8125,54.25,55.0,3416400.0,37.31428527832031
2000-09-29,54.75,52.875,54.125,52.9375,4396400.0,35.91500473022461
2000-10-02,53.9375,52.5625,53.9375,52.5625,3095900.0,35.660587310791016
2000-10-03,54.75,52.75,52.9375,53.8125,4093700.0,36.50863265991211
2000-10-04,56.8125,53.8125,53.8125,55.5625,5747000.0,37.6959114074707
2000-10-05,55.75,53.125,54.0,53.75,7223900.0,36.466251373291016
2000-10-06,51.6875,50.125,51.25,51.0625,9449800.0,34.6429443359375
2000-10-09,51.8125,50.625,51.0625,50.875,2754300.0,34.515716552734375
2000-10-10,51.5,50.25,51.125,50.6875,3018200.0,34.388526916503906
2000-10-11,51.25,48.9375,50.1875,48.9375,5142600.0,33.20124053955078
2000-10-12,38.0,34.6875,37.25,34.875,66652300.0,23.660655975341797
2000-10-13,36.4375,34.875,35.4375,36.3125,43718200.0,24.63591194152832
2000-10-16,37.6875,36.875,36.9375,37.6875,16537300.0,25.568775177001953
2000-10-17,37.625,35.0625,37.5,35.125,13126400.0,23.830259323120117
2000-10-18,36.5625,34.75,35.25,36.5,13906400.0,24.763120651245117
2000-10-19,38.75,37.0625,37.625,38.625,12302400.0,26.204811096191406
2000-10-20,40.625,38.25,38.625,39.4375,9776600.0,26.756040573120117
2000-10-23,41.625,40.0625,40.625,40.5625,7514900.0,27.519296646118164
2000-10-24,41.3125,38.75,41.3125,39.25,11845200.0,26.628829956054688
2000-10-25,39.1875,38.3125,38.75,38.375,6196400.0,26.035198211669922
2000-10-26,39.25,38.4375,38.5,38.9375,6469300.0,26.416820526123047
2000-10-27,39.8125,38.25,38.75,39.375,5017600.0,26.713632583618164
2000-10-30,42.0625,39.75,39.75,40.9375,8475400.0,27.77371597290039
2000-10-31,43.625,42.0,42.5,43.0,7567900.0,29.17298698425293
2000-11-01,44.3125,42.5625,43.0,44.0625,6781100.0,29.893836975097656
2000-11-02,43.8125,42.125,43.75,42.75,8273900.0,29.003374099731445
2000-11-03,42.625,40.8125,42.5,41.25,5857800.0,27.98572540283203
2000-11-06,42.0,40.6875,41.6875,41.3125,6531600.0,28.02812957763672
2000-11-07,42.125,40.9375,42.0,41.375,3723100.0,28.070528030395508
2000-11-08,42.5625,41.25,41.9375,41.25,5220600.0,27.98572540283203
2000-11-09,40.125,38.625,40.0,38.8125,7868600.0,26.332019805908203
2000-11-10,37.5,36.1875,37.0,36.25,12460000.0,24.593507766723633
2000-11-13,38.1875,35.4375,35.5,37.375,16025400.0,25.356752395629883
2000-11-14,40.75,39.0625,40.0,39.1875,11823600.0,26.586444854736328
2000-11-15,40.375,38.3125,40.0,39.625,10061600.0,26.883249282836914
2000-11-16,39.9375,39.1875,39.6875,39.1875,5515400.0,26.586444854736328
2000-11-17,39.75,38.3125,39.375,38.8125,7022900.0,26.332019805908203
2000-11-20,39.25,38.3125,38.8125,38.875,5796900.0,26.37441635131836
2000-11-21,39.75,37.375,39.0,38.25,7188100.0,25.950393676757812
2000-11-22,38.3125,36.6875,38.25,36.75,5832700.0,24.93273162841797
2000-11-24,38.5,37.375,38.5,37.5,3615300.0,25.441564559936523
2000-11-27,39.4375,38.25,39.4375,38.75,7418800.0,26.289615631103516
2000-11-28,40.5,38.75,39.0,39.5625,7382700.0,26.86858367919922
2000-11-29,40.375,39.625,40.125,40.0,7667000.0,27.165706634521484
2000-11-30,40.0,38.75,39.75,39.1875,7619600.0,26.613914489746094
2000-12-01,40.0625,38.9375,39.25,38.9375,5532200.0,26.44411277770996
2000-12-04,40.9375,38.75,39.0,40.75,8811100.0,27.675065994262695
2000-12-05,44.0,39.875,40.625,44.0,12795600.0,29.88228416442871
2000-12-06,45.8125,44.25,45.75,45.0625,18096600.0,30.603864669799805
2000-12-07,46.0625,44.5625,45.0625,44.9375,10976300.0,30.518962860107422
2000-12-08,47.4375,45.25,45.9375,47.25,10211000.0,32.08949661254883
2000-12-11,47.0625,44.875,45.9375,45.125,9399800.0,30.646312713623047
2000-12-12,45.5,44.375,44.5,45.0,6589300.0,30.561424255371094
2000-12-13,45.375,44.125,45.125,45.1875,6351200.0,30.68875503540039
2000-12-14,44.9375,43.75,44.625,43.875,5402100.0,29.797388076782227
2000-12-15,42.75,41.375,42.25,41.9375,11467700.0,28.481548309326172
2000-12-18,44.625,43.25,43.3125,44.125,7372200.0,29.967182159423828
2000-12-19,44.6875,42.4375,44.5,42.625,7366700.0,28.948457717895508
2000-12-20,42.0,40.1875,41.25,41.125,7784300.0,27.92975425720215
2000-12-21,44.125,41.0,41.0625,42.875,10168700.0,29.118247985839844
2000-12-22,44.25,40.0,42.875,41.625,10621200.0,28.269311904907227
2000-12-26,41.9375,40.0,41.25,40.6875,6407000.0,27.632617950439453
2000-12-27,43.1875,40.625,40.75,42.75,7302000.0,29.033342361450195
2000-12-28,44.4375,42.8125,43.0,43.625,4983300.0,29.62759780883789
2000-12-29,46.9375,43.625,43.6875,45.6875,7949100.0,31.02833366394043
2001-01-02,46.3125,44.625,45.6875,45.5625,6497200.0,30.94344711303711
2001-01-03,51.5,45.0625,45.5625,51.4375,17594900.0,34.933406829833984
2001-01-04,52.5,49.625,49.8125,51.6875,15560100.0,35.10319519042969
2001-01-05,50.5625,49.3125,50.0,49.75,8803200.0,33.787353515625
2001-01-08,49.5,47.0,49.5,47.6875,7037800.0,32.38661193847656
2001-01-09,47.75,44.9375,47.5625,45.875,8026000.0,31.155677795410156
2001-01-10,47.5625,45.0,45.8125,47.4375,7515900.0,32.216835021972656
2001-01-11,49.5,47.5,47.8125,49.0625,6131600.0,33.32044219970703
2001-01-12,50.25,49.0625,49.0625,49.125,8391900.0,33.362876892089844
2001-01-16,49.125,47.625,48.75,48.875,5983700.0,33.193092346191406
2001-01-17,48.625,46.0625,47.875,46.375,8951500.0,31.495258331298828
2001-01-18,47.125,44.125,46.5,44.25,12073100.0,30.052074432373047
2001-01-19,43.0,41.0,41.75,41.0,34361100.0,27.844844818115234
2001-01-22,43.9375,40.9375,42.0,43.75,15010000.0,29.712509155273438
2001-01-23,44.875,42.75,43.625,44.75,8310800.0,30.391633987426758
2001-01-24,45.375,44.375,44.8125,45.0625,7287500.0,30.603864669799805
2001-01-25,46.0625,44.1875,45.375,46.0,9890400.0,31.24056053161621
2001-01-26,45.75,44.125,45.75,44.75,7185400.0,30.391633987426758
2001-01-29,45.970001220703125,44.5,45.29999923706055,45.5,5499900.0,30.901002883911133
2001-01-30,46.38999938964844,45.43000030517578,45.75,46.0,9632700.0,31.24056053161621
2001-01-31,49.0,46.2599983215332,46.650001525878906,48.20000076293945,14702100.0,32.734683990478516
2001-02-01,48.900001525878906,47.060001373291016,47.52000045776367,48.650001525878906,8844000.0,33.0402946472168
2001-02-02,48.650001525878906,46.56999969482422,48.650001525878906,46.88999938964844,5833100.0,31.845008850097656
2001-02-05,46.90999984741211,46.099998474121094,46.869998931884766,46.61000061035156,4199700.0,31.65485191345215
2001-02-06,47.400001525878906,45.560001373291016,47.11000061035156,45.650001525878906,4063200.0,31.00286102294922
2001-02-07,46.75,45.06999969482422,45.900001525878906,45.779998779296875,5983400.0,31.091175079345703
2001-02-08,46.25,43.58000183105469,46.0,43.9900016784668,7761100.0,29.875486373901367
2001-02-09,45.75,44.04999923706055,44.5,44.43000030517578,5922700.0,30.174297332763672
2001-02-12,45.88999938964844,44.439998626708984,44.56999969482422,45.72999954223633,5510200.0,31.057199478149414
2001-02-13,46.63999938964844,44.849998474121094,45.9900016784668,46.310001373291016,6083500.0,31.45109748840332
2001-02-14,46.869998931884766,45.13999938964844,46.75,45.720001220703125,6110300.0,31.05040740966797
2001-02-15,45.400001525878906,44.0,45.400001525878906,44.61000061035156,6318000.0,30.29655647277832
2001-02-16,45.0,42.5,45.0,43.0,7435300.0,29.2031307220459
2001-02-20,45.599998474121094,43.79999923706055,44.47999954223633,44.09000015258789,8286100.0,29.943405151367188
2001-02-21,43.4900016784668,40.79999923706055,43.150001525878906,40.95000076293945,8240700.0,27.8109073638916
2001-02-22,41.5,39.900001525878906,41.5,40.0,12723600.0,27.165706634521484
2001-02-23,41.08000183105469,39.619998931884766,39.95000076293945,40.0099983215332,10725900.0,27.17250633239746
2001-02-26,43.869998931884766,41.0,41.0,43.75,10543400.0,29.712509155273438
2001-02-27,44.959999084472656,43.54999923706055,44.5,44.599998474121094,8935800.0,30.289770126342773
2001-02-28,44.93000030517578,42.20000076293945,44.599998474121094,42.5,7979800.0,28.863567352294922
2001-03-01,42.4900016784668,40.75,42.400001525878906,41.5,7726600.0,28.18442153930664
2001-03-02,42.400001525878906,40.31999969482422,40.54999923706055,41.54999923706055,6377600.0,28.2183780670166
2001-03-05,41.95000076293945,41.04999923706055,41.79999923706055,41.43000030517578,4188300.0,28.136882781982422
2001-03-06,42.349998474121094,41.130001068115234,42.0,41.36000061035156,6202900.0,28.116491317749023
2001-03-07,43.900001525878906,41.40999984741211,41.45000076293945,43.70000076293945,8762300.0,29.70720863342285
2001-03-08,45.5,43.79999923706055,43.900001525878906,44.720001220703125,8456500.0,30.400625228881836
2001-03-09,45.08000183105469,43.599998474121094,44.97999954223633,44.52000045776367,7067500.0,30.264644622802734
2001-03-12,43.97999954223633,41.599998474121094,43.54999923706055,42.060001373291016,8396100.0,28.592348098754883
2001-03-13,42.79999923706055,41.2599983215332,42.060001373291016,42.70000076293945,10060000.0,29.02741813659668
2001-03-14,42.79999923706055,40.5,41.29999923706055,41.619998931884766,7025300.0,28.293237686157227
2001-03-15,43.75,42.58000183105469,43.25,43.20000076293945,7711500.0,29.367321014404297
2001-03-16,43.79999923706055,41.900001525878906,42.54999923706055,42.2599983215332,9820300.0,28.728317260742188
2001-03-19,43.099998474121094,41.0,42.0099983215332,42.5,8090000.0,28.891460418701172
2001-03-20,44.13999938964844,41.95000076293945,43.0,41.95000076293945,8313400.0,28.517566680908203
2001-03-21,43.0,41.27000045776367,41.95000076293945,41.5,7536100.0,28.21165657043457
2001-03-22,41.36000061035156,38.11000061035156,41.29999923706055,40.7599983215332,14021200.0,27.70862579345703
2001-03-23,40.599998474121094,38.310001373291016,40.599998474121094,39.66999816894531,10532600.0,26.967641830444336
2001-03-26,42.0099983215332,41.0,41.599998474121094,41.349998474121094,8100700.0,28.109689712524414
2001-03-27,43.709999084472656,41.599998474121094,41.95000076293945,43.459999084472656,8471200.0,29.5440673828125
2001-03-28,43.45000076293945,41.720001220703125,43.38999938964844,43.22999954223633,8035200.0,29.387710571289062
2001-03-29,44.119998931884766,42.25,43.400001525878906,42.65999984741211,7181800.0,29.0002384185791
2001-03-30,43.75,42.66999816894531,43.5,43.099998474121094,7060200.0,29.299335479736328
2001-04-02,43.52000045776367,42.099998474121094,43.099998474121094,42.54999923706055,7320100.0,28.925439834594727
2001-04-03,43.29999923706055,41.29999923706055,43.150001525878906,42.599998474121094,7647300.0,28.959430694580078
2001-04-04,43.0,41.79999923706055,42.0,42.29999923706055,7249300.0,28.7554988861084
2001-04-05,44.0,42.83000183105469,43.099998474121094,43.959999084472656,6122500.0,29.883968353271484
2001-04-06,44.09000015258789,42.29999923706055,43.150001525878906,43.779998779296875,6806900.0,29.761606216430664
2001-04-09,43.349998474121094,41.7599983215332,43.29999923706055,42.189998626708984,6231900.0,28.68073081970215
2001-04-10,43.38999938964844,42.5,43.09000015258789,43.0099983215332,5711500.0,29.238155364990234
2001-04-11,42.5,40.08000183105469,42.04999923706055,41.5,11755200.0,28.21165657043457
2001-04-12,41.650001525878906,40.04999923706055,41.150001525878906,41.650001525878906,6806100.0,28.313623428344727
2001-04-16,41.900001525878906,40.5,40.79999923706055,41.5,5037600.0,28.21165657043457
2001-04-17,42.29999923706055,40.7400016784668,41.5,41.90999984741211,5187700.0,28.490371704101562
2001-04-18,46.02000045776367,42.52000045776367,42.75,45.61000061035156,14545300.0,31.00562286376953
2001-04-19,46.09000015258789,44.33000183105469,45.0,46.08000183105469,7419700.0,31.32513427734375
2001-04-20,46.25,45.290000915527344,45.84000015258789,46.209999084472656,5638400.0,31.413516998291016
2001-04-23,47.7400016784668,45.810001373291016,46.209999084472656,46.189998626708984,6682900.0,31.39993667602539
2001-04-24,45.939998626708984,44.900001525878906,45.5,45.02000045776367,6692400.0,30.604555130004883
2001-04-25,46.2400016784668,45.310001373291016,45.54999923706055,46.02000045776367,4606800.0,31.284351348876953
2001-04-26,47.400001525878906,46.150001525878906,46.5,47.29999923706055,4794700.0,32.15447998046875
2001-04-27,48.400001525878906,47.5099983215332,47.97999954223633,48.099998474121094,7059000.0,32.698341369628906
2001-04-30,48.5,46.959999084472656,48.099998474121094,47.099998474121094,6381300.0,32.01853942871094
2001-05-01,49.75,46.75,47.0099983215332,49.2400016784668,7525100.0,33.47329330444336
2001-05-02,49.75,48.5,48.70000076293945,48.790000915527344,7186700.0,33.16739273071289
2001-05-03,48.720001220703125,47.900001525878906,48.540000915527344,48.5099983215332,5144400.0,32.9770393371582
2001-05-04,49.7400016784668,47.61000061035156,47.75,49.59000015258789,5701500.0,33.711246490478516
2001-05-07,50.20000076293945,48.79999923706055,49.59000015258789,49.09000015258789,4870800.0,33.37134552001953
2001-05-08,50.189998626708984,48.40999984741211,49.4900016784668,50.0099983215332,6602000.0,33.996742248535156
2001-05-09,49.599998474121094,48.02000045776367,49.11000061035156,48.5099983215332,6166200.0,32.9770393371582
2001-05-10,50.25,48.97999954223633,49.5099983215332,49.25,6788400.0,33.48009490966797
2001-05-11,50.099998474121094,49.099998474121094,49.20000076293945,49.880001068115234,4914500.0,33.90836715698242
2001-05-14,49.880001068115234,48.400001525878906,49.880001068115234,49.150001525878906,5068600.0,33.41211700439453
2001-05-15,50.84000015258789,49.4900016784668,50.25,50.099998474121094,11519500.0,34.05793762207031
2001-05-16,51.34000015258789,49.40999984741211,50.0,51.209999084472656,10689200.0,34.8125114440918
2001-05-17,52.70000076293945,51.349998474121094,51.4900016784668,52.0,6027400.0,35.34955978393555
2001-05-18,52.70000076293945,51.400001525878906,51.93000030517578,52.70000076293945,5857900.0,35.82541275024414
2001-05-21,53.72999954223633,51.880001068115234,52.70000076293945,53.380001068115234,6873300.0,36.28767395019531
2001-05-22,53.599998474121094,52.0,52.900001525878906,52.9900016784668,5401600.0,36.022552490234375
2001-05-23,53.20000076293945,51.70000076293945,52.849998474121094,52.619998931884766,4794300.0,35.77103042602539
2001-05-24,53.45000076293945,51.79999923706055,52.5,53.45000076293945,5039200.0,36.33526611328125
2001-05-25,53.20000076293945,52.279998779296875,52.95000076293945,52.279998779296875,3354500.0,35.539886474609375
2001-05-29,52.36000061035156,50.189998626708984,52.150001525878906,50.540000915527344,7858700.0,34.35704803466797
2001-05-30,51.84000015258789,49.5,51.25,49.9900016784668,7964800.0,33.98316955566406
2001-05-31,50.349998474121094,48.400001525878906,50.099998474121094,49.290000915527344,8098300.0,33.507293701171875
2001-06-01,49.290000915527344,48.599998474121094,49.0,49.2599983215332,5124600.0,33.48689651489258
2001-06-04,50.04999923706055,48.86000061035156,49.5,50.0,4721900.0,33.98995590209961
2001-06-05,50.900001525878906,49.5,50.349998474121094,50.349998474121094,7372100.0,34.22788619995117
2001-06-06,50.2400016784668,49.47999954223633,49.95000076293945,49.5099983215332,4114200.0,33.6568489074707
2001-06-07,50.900001525878906,49.04999923706055,49.349998474121094,50.709999084472656,5732200.0,34.47260284423828
2001-06-08,51.189998626708984,50.349998474121094,50.720001220703125,50.79999923706055,3235400.0,34.53379440307617
2001-06-11,51.099998474121094,50.54999923706055,50.79999923706055,50.72999954223633,3974500.0,34.486202239990234
2001-06-12,51.209999084472656,49.33000183105469,50.779998779296875,51.11000061035156,4186000.0,34.77195739746094
2001-06-13,51.45000076293945,50.45000076293945,51.11000061035156,50.5099983215332,3952400.0,34.36375045776367
2001-06-14,50.599998474121094,49.15999984741211,50.060001373291016,49.5099983215332,3411400.0,33.68341064453125
2001-06-15,49.38999938964844,48.099998474121094,48.95000076293945,48.900001525878906,7731100.0,33.268409729003906
2001-06-18,50.20000076293945,49.0,49.400001525878906,49.0,4486800.0,33.33643341064453
2001-06-19,50.09000015258789,49.04999923706055,49.900001525878906,49.4900016784668,3572300.0,33.6698112487793
2001-06-20,50.900001525878906,48.119998931884766,49.4900016784668,49.2400016784668,7581600.0,33.49971389770508
2001-06-21,51.11000061035156,49.25,49.7400016784668,50.779998779296875,6567200.0,34.547428131103516
2001-06-22,51.040000915527344,49.779998779296875,50.79999923706055,50.709999084472656,5113500.0,34.49980926513672
2001-06-25,49.95000076293945,48.040000915527344,49.75,49.0,7937800.0,33.33643341064453
2001-06-26,48.45000076293945,46.599998474121094,48.099998474121094,47.150001525878906,9434900.0,32.077816009521484
2001-06-27,48.25,46.70000076293945,46.900001525878906,46.849998474121094,5776800.0,31.873714447021484
2001-06-28,48.540000915527344,46.86000061035156,47.20000076293945,47.0,7310500.0,31.97577667236328
2001-06-29,47.7400016784668,46.54999923706055,47.25,47.2400016784668,7624000.0,32.13904571533203
2001-07-02,48.25,46.70000076293945,46.9900016784668,47.70000076293945,4711300.0,32.4520149230957
2001-07-03,48.18000030517578,47.349998474121094,48.04999923706055,47.88999938964844,2435000.0,32.58125305175781
2001-07-05,47.38999938964844,46.2599983215332,47.150001525878906,46.65999984741211,6393100.0,31.744455337524414
2001-07-06,46.650001525878906,44.86000061035156,46.650001525878906,45.36000061035156,6077400.0,30.86000633239746
2001-07-09,46.11000061035156,45.0,45.45000076293945,45.9900016784668,4042700.0,31.28864860534668
2001-07-10,47.22999954223633,44.959999084472656,47.0,45.0,6766600.0,30.615095138549805
2001-07-11,46.04999923706055,44.599998474121094,45.45000076293945,45.709999084472656,5902300.0,31.09814453125
2001-07-12,48.130001068115234,45.63999938964844,45.709999084472656,48.0,6943400.0,32.6561164855957
2001-07-13,49.0,47.22999954223633,48.0,48.70000076293945,5827400.0,33.13233184814453
2001-07-16,49.47999954223633,48.130001068115234,48.900001525878906,49.099998474121094,4835000.0,33.404476165771484
2001-07-17,49.900001525878906,48.54999923706055,49.099998474121094,49.52000045776367,4311200.0,33.690223693847656
2001-07-18,49.900001525878906,48.470001220703125,49.0,49.2400016784668,5055400.0,33.49971389770508
2001-07-19,49.970001220703125,48.75,49.4900016784668,49.79999923706055,4354400.0,33.88071060180664
2001-07-20,50.099998474121094,49.099998474121094,49.79999923706055,49.400001525878906,4102500.0,33.60856628417969
2001-07-23,49.880001068115234,47.970001220703125,49.650001525878906,47.970001220703125,3717500.0,32.635711669921875
2001-07-24,48.400001525878906,46.560001373291016,48.400001525878906,47.13999938964844,4062200.0,32.071022033691406
2001-07-25,49.29999923706055,46.849998474121094,47.599998474121094,49.209999084472656,5720200.0,33.47931671142578
2001-07-26,49.619998931884766,48.70000076293945,49.0,49.5,6060400.0,33.67660903930664
2001-07-27,49.70000076293945,48.40999984741211,49.59000015258789,49.650001525878906,3601600.0,33.77867889404297
2001-07-30,49.95000076293945,48.86000061035156,49.650001525878906,49.54999923706055,4135400.0,33.71062469482422
2001-07-31,50.900001525878906,49.279998779296875,49.900001525878906,50.369998931884766,7001100.0,34.268497467041016
2001-08-01,50.70000076293945,49.4900016784668,50.369998931884766,49.779998779296875,4751900.0,33.867088317871094
2001-08-02,50.29999923706055,49.349998474121094,50.13999938964844,49.779998779296875,4275400.0,33.867088317871094
2001-08-03,49.95000076293945,48.599998474121094,49.95000076293945,49.130001068115234,3937400.0,33.42488098144531
2001-08-06,49.650001525878906,47.959999084472656,49.45000076293945,48.279998779296875,4571800.0,32.84659194946289
2001-08-07,49.4900016784668,48.380001068115234,48.75,48.9900016784668,4658200.0,33.32963943481445
2001-08-08,49.45000076293945,47.75,48.9900016784668,47.880001068115234,5792900.0,32.5744743347168
2001-08-09,48.75,47.95000076293945,48.400001525878906,48.47999954223633,6216500.0,32.982662200927734
2001-08-10,48.880001068115234,47.31999969482422,48.849998474121094,48.459999084472656,3746500.0,32.96905517578125
2001-08-13,48.63999938964844,47.400001525878906,48.459999084472656,48.099998474121094,5452200.0,32.724143981933594
2001-08-14,49.95000076293945,49.0,49.0,49.29999923706055,6750600.0,33.54054260253906
2001-08-15,49.779998779296875,48.95000076293945,49.5,49.189998626708984,6004400.0,33.4657096862793
2001-08-16,49.970001220703125,48.75,48.75,49.88999938964844,5875600.0,33.941951751708984
2001-08-17,49.84000015258789,48.900001525878906,49.84000015258789,49.22999954223633,4452300.0,33.4929084777832
2001-08-20,50.0,48.88999938964844,49.02000045776367,49.79999923706055,5670100.0,33.88071060180664
2001-08-21,49.959999084472656,48.099998474121094,49.959999084472656,48.099998474121094,5261900.0,32.724143981933594
2001-08-22,49.0,47.650001525878906,48.130001068115234,48.849998474121094,5007100.0,33.23440170288086
2001-08-23,48.84000015258789,47.54999923706055,48.70000076293945,47.9900016784668,4275500.0,32.64931106567383
2001-08-24,49.95000076293945,47.900001525878906,48.2599983215332,49.939998626708984,6012100.0,33.975955963134766
2001-08-27,49.58000183105469,48.349998474121094,49.439998626708984,48.9900016784668,5885100.0,33.32963943481445
2001-08-28,48.95000076293945,47.849998474121094,48.54999923706055,47.900001525878906,5532800.0,32.61470031738281
2001-08-29,47.75,46.599998474121094,47.650001525878906,47.0,6540600.0,32.00190734863281
2001-08-30,47.15999984741211,45.27000045776367,46.5,45.81999969482422,8332600.0,31.198444366455078
2001-08-31,47.130001068115234,45.84000015258789,45.849998474121094,45.95000076293945,5730000.0,31.286954879760742
2001-09-04,48.0,45.810001373291016,45.81999969482422,46.81999969482422,6475000.0,31.879335403442383
2001-09-05,46.81999969482422,44.79999923706055,46.81999969482422,45.9900016784668,6845700.0,31.3142147064209
2001-09-06,46.25,43.400001525878906,45.2599983215332,43.54999923706055,7881900.0,29.652835845947266
2001-09-07,43.4900016784668,40.0,42.20000076293945,40.95000076293945,19099700.0,27.882511138916016
2001-09-10,41.29999923706055,40.060001373291016,40.08000183105469,40.54999923706055,11048500.0,27.610139846801758
2001-09-17,37.25,35.0,35.5,36.20000076293945,25283900.0,24.64826774597168
2001-09-18,38.18000030517578,35.25,36.9900016784668,36.689998626708984,17420200.0,24.98189926147461
2001-09-19,37.68000030517578,34.02000045776367,37.29999923706055,35.29999923706055,15368500.0,24.03546714782715
2001-09-20,34.70000076293945,32.400001525878906,33.29999923706055,32.79999923706055,15620100.0,22.33323860168457
2001-09-21,33.52000045776367,30.299999237060547,30.799999237060547,33.11000061035156,18367700.0,22.5443115234375
2001-09-24,36.52000045776367,33.099998474121094,33.119998931884766,36.0099983215332,12591500.0,24.51889419555664
2001-09-25,37.2400016784668,35.369998931884766,36.7400016784668,36.29999923706055,11481000.0,24.71636199951172
2001-09-26,37.349998474121094,35.54999923706055,37.20000076293945,35.54999923706055,8373400.0,24.2056884765625
2001-09-27,37.099998474121094,35.5,36.099998474121094,36.900001525878906,7937500.0,25.124893188476562
2001-09-28,38.79999923706055,36.349998474121094,37.25,38.369998931884766,9380100.0,26.125812530517578
2001-10-01,38.369998931884766,37.099998474121094,38.119998931884766,37.81999969482422,8279300.0,25.751317977905273
2001-10-02,39.36000061035156,37.90999984741211,38.25,39.04999923706055,6284500.0,26.58881187438965
2001-10-03,41.08000183105469,38.619998931884766,38.849998474121094,40.83000183105469,8645800.0,27.800796508789062
2001-10-04,40.95000076293945,39.189998626708984,40.79999923706055,39.189998626708984,8620400.0,26.684131622314453
2001-10-05,39.5099983215332,37.900001525878906,39.20000076293945,39.40999984741211,6713400.0,26.833940505981445
2001-10-08,39.40999984741211,38.150001525878906,39.40999984741211,38.369998931884766,5532700.0,26.125812530517578
2001-10-09,39.20000076293945,37.54999923706055,39.20000076293945,37.900001525878906,8105400.0,25.8057918548584
2001-10-10,40.290000915527344,37.90999984741211,38.16999816894531,40.209999084472656,7337700.0,27.378633499145508
2001-10-11,43.119998931884766,41.0,41.0,43.099998474121094,12261600.0,29.346416473388672
2001-10-12,42.400001525878906,40.189998626708984,42.380001068115234,41.68000030517578,9989600.0,28.37955665588379
2001-10-15,41.22999954223633,40.0,40.75,40.959999084472656,6194600.0,27.88930320739746
2001-10-16,41.79999923706055,40.400001525878906,41.209999084472656,41.619998931884766,4728200.0,28.338703155517578
2001-10-17,42.5,40.400001525878906,42.0,40.5099983215332,6201900.0,27.582908630371094
2001-10-18,41.790000915527344,39.79999923706055,40.29999923706055,40.70000076293945,7382200.0,27.712284088134766
2001-10-19,41.220001220703125,40.0,41.099998474121094,40.40999984741211,7786800.0,27.514822006225586
2001-10-22,40.77000045776367,38.779998779296875,40.15999984741211,39.95000076293945,8669800.0,27.201616287231445
2001-10-23,41.029998779296875,39.95000076293945,40.84000015258789,40.349998474121094,7189900.0,27.473974227905273
2001-10-24,40.79999923706055,39.849998474121094,40.34000015258789,40.20000076293945,5536400.0,27.371826171875
2001-10-25,40.45000076293945,38.75,39.70000076293945,40.45000076293945,8327300.0,27.542049407958984
2001-10-26,40.63999938964844,39.68000030517578,40.20000076293945,40.290000915527344,5901300.0,27.4331111907959
2001-10-29,40.099998474121094,38.52000045776367,39.75,38.619998931884766,5679200.0,26.296018600463867
2001-10-30,38.33000183105469,37.150001525878906,38.25,37.599998474121094,8989900.0,25.601516723632812
2001-10-31,39.0099983215332,37.349998474121094,37.9900016784668,38.22999954223633,9468300.0,26.030487060546875
2001-11-01,38.939998626708984,37.470001220703125,38.22999954223633,38.400001525878906,7256600.0,26.1462459564209
2001-11-02,40.91999816894531,38.400001525878906,38.79999923706055,40.31999969482422,11010100.0,27.453529357910156
2001-11-05,42.150001525878906,41.0099983215332,41.150001525878906,41.54999923706055,8191800.0,28.291046142578125
2001-11-06,42.70000076293945,41.20000076293945,41.54999923706055,42.70000076293945,7596400.0,29.074066162109375
2001-11-07,42.95000076293945,41.70000076293945,42.45000076293945,41.95000076293945,5923000.0,28.563392639160156
2001-11-08,43.599998474121094,41.4900016784668,42.689998626708984,41.88999938964844,7273600.0,28.52254867553711
2001-11-09,42.29999923706055,41.20000076293945,41.88999938964844,42.11000061035156,3969500.0,28.672334671020508
2001-11-12,41.599998474121094,40.0,40.5,41.119998931884766,6561800.0,27.998249053955078
2001-11-13,44.630001068115234,42.45000076293945,43.0,44.0,11132500.0,29.959217071533203
2001-11-14,46.31999969482422,44.0,45.0,46.22999954223633,12221500.0,31.477619171142578
2001-11-15,46.7400016784668,45.41999816894531,45.72999954223633,46.4900016784668,7493400.0,31.654634475708008
2001-11-16,46.5,45.04999923706055,46.4900016784668,45.79999923706055,9341800.0,31.184831619262695
2001-11-19,47.22999954223633,45.70000076293945,46.0,47.06999969482422,8395600.0,32.04956817626953
2001-11-20,46.75,45.900001525878906,46.5099983215332,46.18000030517578,5799600.0,31.443561553955078
2001-11-21,46.43000030517578,45.599998474121094,45.75,46.380001068115234,4381100.0,31.579742431640625
2001-11-23,46.65999984741211,45.84000015258789,45.849998474121094,46.58000183105469,2671900.0,31.715913772583008
2001-11-26,46.119998931884766,44.79999923706055,46.0,45.52000045776367,7722300.0,30.99416732788086
2001-11-27,45.0,42.90999984741211,44.79999923706055,43.349998474121094,12722800.0,29.549091339111328
2001-11-28,44.27000045776367,42.650001525878906,42.75,43.79999923706055,10684400.0,29.89031410217285
2001-11-29,44.4900016784668,43.54999923706055,44.2400016784668,44.02000045776367,7297700.0,30.04045295715332
2001-11-30,47.0,45.0,45.0,46.650001525878906,14775400.0,31.83523941040039
2001-12-03,46.900001525878906,46.25,46.65999984741211,46.38999938964844,9213300.0,31.65781021118164
2001-12-04,48.189998626708984,46.91999816894531,47.20000076293945,47.70000076293945,10860900.0,32.55178451538086
2001-12-05,50.400001525878906,47.810001373291016,47.939998626708984,49.900001525878906,14671400.0,34.05311584472656
2001-12-06,49.65999984741211,48.65999984741211,49.099998474121094,49.150001525878906,7409000.0,33.541290283203125
2001-12-07,49.650001525878906,48.599998474121094,48.86000061035156,49.40999984741211,4819800.0,33.71873474121094
2001-12-10,49.310001373291016,48.0,49.29999923706055,48.2599983215332,5626600.0,32.933921813964844
2001-12-11,48.25,47.349998474121094,48.0,47.970001220703125,5020400.0,32.73603439331055
2001-12-12,48.900001525878906,47.72999954223633,47.95000076293945,48.349998474121094,6814400.0,32.995361328125
2001-12-13,48.349998474121094,47.150001525878906,47.75,48.0,6056100.0,32.75651550292969
2001-12-14,50.099998474121094,47.599998474121094,48.0,49.810001373291016,9046900.0,33.99169921875
2001-12-17,50.47999954223633,49.15999984741211,49.810001373291016,50.0,7298000.0,34.121376037597656
2001-12-18,51.04999923706055,49.97999954223633,50.400001525878906,50.15999984741211,6992000.0,34.23054885864258
2001-12-19,50.599998474121094,49.65999984741211,50.04999923706055,50.599998474121094,6364800.0,34.530818939208984
2001-12-20,50.959999084472656,50.04999923706055,50.45000076293945,50.310001373291016,4591100.0,34.33291244506836
2001-12-21,51.5,49.95000076293945,50.849998474121094,51.5,10996500.0,35.14500427246094
2001-12-24,51.599998474121094,51.22999954223633,51.349998474121094,51.31999969482422,2519700.0,35.02217483520508
2001-12-26,52.040000915527344,51.38999938964844,51.38999938964844,51.619998931884766,3828900.0,35.22688674926758
2001-12-27,51.93000030517578,50.810001373291016,51.5,51.439998626708984,4287400.0,35.104042053222656
2001-12-28,51.9900016784668,51.27000045776367,51.939998626708984,51.5,3679900.0,35.14500427246094
2001-12-31,51.36000061035156,51.0,51.02000045776367,51.0099983215332,3972200.0,34.810604095458984
2002-01-02,51.0099983215332,49.400001525878906,51.0099983215332,50.38999938964844,7291300.0,34.38752365112305
2002-01-03,50.38999938964844,49.5,50.150001525878906,50.04999923706055,5186600.0,34.15549087524414
2002-01-04,50.970001220703125,50.099998474121094,50.4900016784668,50.95000076293945,5523200.0,34.76966094970703
2002-01-07,51.54999923706055,50.529998779296875,51.099998474121094,50.59000015258789,6288800.0,34.52399444580078
2002-01-08,51.290000915527344,50.61000061035156,51.099998474121094,51.099998474121094,5172400.0,34.872047424316406
2002-01-09,51.650001525878906,50.060001373291016,51.400001525878906,50.2599983215332,6352600.0,34.298789978027344
2002-01-10,51.099998474121094,49.75,50.2599983215332,50.29999923706055,6625400.0,34.32609176635742
2002-01-11,51.13999938964844,50.349998474121094,50.54999923706055,50.459999084472656,6278400.0,34.43528747558594
2002-01-14,50.54999923706055,49.40999984741211,50.459999084472656,49.529998779296875,7568100.0,33.800628662109375
2002-01-15,50.16999816894531,49.150001525878906,49.529998779296875,49.70000076293945,6201800.0,33.91663360595703
2002-01-16,49.95000076293945,49.09000015258789,49.650001525878906,49.09000015258789,4163900.0,33.5003547668457
2002-01-17,49.040000915527344,47.75,48.95000076293945,48.0,8933200.0,32.75651550292969
2002-01-18,49.0,47.75,48.0,48.5,5394500.0,33.09772491455078
2002-01-22,49.4900016784668,48.310001373291016,48.95000076293945,48.5,4901000.0,33.09772491455078
2002-01-23,49.0,48.25,48.650001525878906,48.52000045776367,4568300.0,33.11138153076172
2002-01-24,49.22999954223633,47.900001525878906,48.70000076293945,47.9900016784668,6254900.0,32.74966812133789
2002-01-25,47.5099983215332,46.90999984741211,47.5,47.0,7529800.0,32.07408905029297
2002-01-28,47.880001068115234,47.20000076293945,47.5,47.79999923706055,4683700.0,32.620025634765625
2002-01-29,48.54999923706055,46.900001525878906,47.970001220703125,47.0,5715100.0,32.07408905029297
2002-01-30,49.349998474121094,47.0,47.0,49.06999969482422,7776900.0,33.48671340942383
2002-01-31,50.20000076293945,49.040000915527344,49.5,50.09000015258789,7555000.0,34.18278121948242
2002-02-01,50.150001525878906,49.0099983215332,50.0,49.400001525878906,5025800.0,33.71190643310547
2002-02-04,50.13999938964844,48.79999923706055,49.5,48.9900016784668,6246900.0,33.432106018066406
2002-02-05,49.40999984741211,48.349998474121094,48.9900016784668,49.099998474121094,7221600.0,33.50719451904297
2002-02-06,49.349998474121094,48.5,49.04999923706055,48.90999984741211,4306900.0,33.37752151489258
2002-02-07,49.52000045776367,48.5099983215332,48.91999816894531,48.849998474121094,4905900.0,33.336585998535156
2002-02-08,49.75,48.560001373291016,49.0,49.70000076293945,4789000.0,33.91663360595703
2002-02-11,50.75,49.5,49.52000045776367,50.5,5716600.0,34.46257781982422
2002-02-12,50.900001525878906,50.20000076293945,50.5,50.310001373291016,4844800.0,34.33291244506836
2002-02-13,51.72999954223633,50.5,51.0,51.2400016784668,6119500.0,34.967586517333984
2002-02-14,51.900001525878906,50.849998474121094,51.4900016784668,51.54999923706055,5358500.0,35.17912292480469
2002-02-15,51.54999923706055,50.20000076293945,51.54999923706055,50.52000045776367,5937600.0,34.47623062133789
2002-02-19,51.310001373291016,50.29999923706055,50.7400016784668,50.349998474121094,5684900.0,34.3602180480957
2002-02-20,51.790000915527344,50.5099983215332,50.779998779296875,51.709999084472656,8007300.0,35.28831100463867
2002-02-21,52.099998474121094,50.7599983215332,51.380001068115234,51.29999923706055,7551200.0,35.008522033691406
2002-02-22,51.040000915527344,49.79999923706055,50.970001220703125,51.0,8604300.0,34.80379867553711
2002-02-25,52.119998931884766,51.08000183105469,51.25,52.06999969482422,8632400.0,35.53398132324219
2002-02-26,52.599998474121094,50.56999969482422,52.099998474121094,51.5099983215332,12242200.0,35.151832580566406
2002-02-27,52.25,50.439998626708984,52.150001525878906,50.91999816894531,8919700.0,34.74919509887695
2002-02-28,51.0,49.70000076293945,50.90999984741211,50.0,9268900.0,34.121376037597656
2002-03-01,50.5,49.70000076293945,50.279998779296875,50.290000915527344,8664600.0,34.31926345825195
2002-03-04,50.150001525878906,48.65999984741211,49.0,49.900001525878906,12373700.0,34.05311584472656
2002-03-05,49.18000030517578,47.099998474121094,49.18000030517578,47.5,14541800.0,32.41530227661133
2002-03-06,48.970001220703125,47.70000076293945,47.75,48.70000076293945,9741600.0,33.23421096801758
2002-03-07,49.599998474121094,48.0,49.560001373291016,48.400001525878906,8833800.0,33.02947998046875
2002-03-08,49.400001525878906,48.54999923706055,48.900001525878906,48.939998626708984,6996700.0,33.39800262451172
2002-03-11,48.90999984741211,48.09000015258789,48.90999984741211,48.33000183105469,6442900.0,32.981712341308594
2002-03-12,48.709999084472656,47.77000045776367,48.099998474121094,48.349998474121094,7512700.0,33.02952194213867
2002-03-13,48.709999084472656,47.54999923706055,47.900001525878906,48.5,6465400.0,33.13200378417969
2002-03-14,48.9900016784668,48.20000076293945,48.25,48.349998474121094,4748700.0,33.02952194213867
2002-03-15,48.97999954223633,47.75,48.349998474121094,48.91999816894531,10340300.0,33.418914794921875
2002-03-18,49.43000030517578,48.25,49.43000030517578,48.709999084472656,5762200.0,33.275455474853516
2002-03-19,49.790000915527344,48.93000030517578,49.2400016784668,49.5,6070900.0,33.815128326416016
2002-03-20,50.25,49.029998779296875,49.29999923706055,49.63999938964844,7084700.0,33.91075897216797
2002-03-21,49.63999938964844,48.52000045776367,49.52000045776367,49.04999923706055,7946500.0,33.50771713256836
2002-03-22,49.75,48.540000915527344,48.9900016784668,49.36000061035156,5208600.0,33.71949768066406
2002-03-25,49.5,48.0,49.150001525878906,48.45000076293945,5216600.0,33.09783935546875
2002-03-26,49.220001220703125,48.150001525878906,48.20000076293945,49.0,7481600.0,33.473567962646484
2002-03-27,49.400001525878906,48.29999923706055,49.099998474121094,49.2599983215332,6815400.0,33.651180267333984
2002-03-28,49.099998474121094,48.310001373291016,49.0,48.61000061035156,5981500.0,33.2071533203125
2002-04-01,48.79999923706055,48.060001373291016,48.150001525878906,48.220001220703125,6961800.0,32.94071578979492
2002-04-02,48.220001220703125,47.25,48.220001220703125,47.5099983215332,6247500.0,32.45570755004883
2002-04-03,48.29999923706055,46.0,47.65999984741211,46.95000076293945,7151300.0,32.07313919067383
2002-04-04,48.279998779296875,47.150001525878906,47.25,48.150001525878906,5382900.0,32.89291000366211
2002-04-05,49.09000015258789,48.099998474121094,48.349998474121094,48.77000045776367,5547500.0,33.316436767578125
2002-04-08,49.5,48.29999923706055,48.29999923706055,49.5,4669400.0,33.815128326416016
2002-04-09,49.869998931884766,49.0,49.5,49.08000183105469,5068700.0,33.528221130371094
2002-04-10,49.75,48.939998626708984,49.15999984741211,49.7400016784668,4372900.0,33.979087829589844
2002-04-11,50.290000915527344,49.16999816894531,49.7400016784668,49.33000183105469,6956500.0,33.69901657104492
2002-04-12,50.459999084472656,49.4900016784668,49.75,50.36000061035156,5825500.0,34.40263366699219
2002-04-15,50.2400016784668,49.02000045776367,50.150001525878906,49.20000076293945,4793800.0,33.61019515991211
2002-04-16,49.849998474121094,48.970001220703125,49.52000045776367,49.84000015258789,6424500.0,34.04741668701172
2002-04-17,49.90999984741211,49.11000061035156,49.599998474121094,49.369998931884766,3836200.0,33.72633361816406
2002-04-18,49.7599983215332,48.599998474121094,49.599998474121094,49.52000045776367,5226400.0,33.828792572021484
2002-04-19,49.900001525878906,49.099998474121094,49.75,49.150001525878906,6608500.0,33.57603073120117
2002-04-22,49.5099983215332,48.5099983215332,49.0099983215332,48.5099983215332,7705400.0,33.13883972167969
2002-04-23,49.20000076293945,48.0,48.52000045776367,48.86000061035156,6304900.0,33.3779296875
2002-04-24,49.189998626708984,48.060001373291016,48.869998931884766,48.16999816894531,5576800.0,32.90657043457031
2002-04-25,48.900001525878906,47.900001525878906,48.16999816894531,48.66999816894531,5848800.0,33.248146057128906
2002-04-26,49.29999923706055,48.060001373291016,49.099998474121094,48.09000015258789,4548200.0,32.85190963745117
2002-04-29,48.209999084472656,46.959999084472656,47.70000076293945,46.959999084472656,7133700.0,32.079978942871094
2002-04-30,47.209999084472656,46.0,46.709999084472656,46.369998931884766,9027400.0,31.67692756652832
2002-05-01,46.970001220703125,45.400001525878906,46.439998626708984,46.540000915527344,9459700.0,31.79305648803711
2002-05-02,47.5,46.41999816894531,46.540000915527344,46.79999923706055,6820500.0,31.97067642211914
2002-05-03,46.970001220703125,45.9900016784668,46.79999923706055,46.5,5299900.0,31.765750885009766
2002-05-06,46.5,44.560001373291016,46.5,44.70000076293945,6536300.0,30.536090850830078
2002-05-07,45.709999084472656,45.0,45.20000076293945,45.709999084472656,9049300.0,31.226057052612305
2002-05-08,46.900001525878906,45.849998474121094,46.75,46.349998474121094,6929300.0,31.663257598876953
2002-05-09,46.58000183105469,45.650001525878906,46.20000076293945,46.150001525878906,5696300.0,31.526653289794922
2002-05-10,46.2400016784668,45.060001373291016,46.04999923706055,45.5,4959100.0,31.08259391784668
2002-05-13,45.63999938964844,44.900001525878906,45.5,45.619998931884766,5896300.0,31.164573669433594
2002-05-14,47.97999954223633,46.79999923706055,47.0,47.97999954223633,8185400.0,32.77677536010742
2002-05-15,48.70000076293945,46.779998779296875,47.97999954223633,47.0,8454500.0,32.107295989990234
2002-05-16,47.29999923706055,46.619998931884766,47.25,47.0,5240900.0,32.107295989990234
2002-05-17,48.099998474121094,47.150001525878906,47.20000076293945,48.09000015258789,5530900.0,32.85190963745117
2002-05-20,49.5,48.2599983215332,48.9900016784668,48.5,10370800.0,33.13200378417969
2002-05-21,47.65999984741211,44.75,47.650001525878906,44.900001525878906,22179600.0,30.67272186279297
2002-05-22,44.779998779296875,42.5099983215332,44.779998779296875,44.25,19553900.0,30.22868537902832
2002-05-23,44.099998474121094,42.599998474121094,44.0099983215332,42.900001525878906,16275300.0,29.306447982788086
2002-05-24,43.63999938964844,42.900001525878906,43.0,43.41999816894531,10466600.0,29.661670684814453
2002-05-28,43.41999816894531,40.52000045776367,42.75,41.540000915527344,19734700.0,28.377395629882812
2002-05-29,41.9900016784668,40.5,41.0,40.95000076293945,14882000.0,27.974346160888672
2002-05-30,40.849998474121094,39.849998474121094,40.75,40.150001525878906,16635500.0,27.427837371826172
2002-05-31,42.27000045776367,40.650001525878906,40.75,41.689998626708984,16912200.0,28.479862213134766
2002-06-03,42.04999923706055,40.29999923706055,41.150001525878906,40.52000045776367,8726800.0,27.68059730529785
2002-06-04,40.900001525878906,39.45000076293945,40.5099983215332,40.099998474121094,11057900.0,27.3936767578125
2002-06-05,41.20000076293945,40.11000061035156,40.29999923706055,40.540000915527344,9548100.0,27.694263458251953
2002-06-06,40.599998474121094,38.849998474121094,40.540000915527344,39.0099983215332,10427300.0,26.64905548095703
2002-06-07,39.099998474121094,38.2599983215332,38.5,38.83000183105469,10797100.0,26.526105880737305
2002-06-10,40.20000076293945,38.75,38.83000183105469,39.95000076293945,8409600.0,27.291196823120117
2002-06-11,40.900001525878906,39.0,40.04999923706055,39.15999984741211,8343200.0,26.785049438476562
2002-06-12,39.150001525878906,38.0,39.06999969482422,38.060001373291016,12306500.0,26.032678604125977
2002-06-13,38.45000076293945,37.5099983215332,37.5099983215332,37.900001525878906,8931200.0,25.923219680786133
2002-06-14,37.5,36.5,36.599998474121094,36.97999954223633,11835300.0,25.293964385986328
2002-06-17,38.900001525878906,36.81999969482422,37.20000076293945,38.5,10391800.0,26.333614349365234
2002-06-18,38.5,37.599998474121094,38.349998474121094,37.599998474121094,9382500.0,25.718029022216797
2002-06-19,38.790000915527344,37.2599983215332,37.619998931884766,37.650001525878906,10567000.0,25.752227783203125
2002-06-20,38.25,36.5,37.599998474121094,36.5099983215332,8264100.0,24.972484588623047
2002-06-21,36.5,35.5,36.099998474121094,35.66999816894531,12176300.0,24.397930145263672
2002-06-24,37.25,34.900001525878906,35.70000076293945,36.66999816894531,10618500.0,25.081907272338867
2002-06-25,38.150001525878906,35.900001525878906,37.5,36.13999938964844,9570300.0,24.719406127929688
2002-06-26,36.79999923706055,35.29999923706055,35.5,36.540000915527344,12075600.0,24.992998123168945
2002-06-27,37.59000015258789,36.0,37.45000076293945,37.20000076293945,10905000.0,25.44443702697754
2002-06-28,38.0,36.5099983215332,37.099998474121094,36.72999954223633,10237200.0,25.122949600219727
2002-07-01,37.47999954223633,35.470001220703125,36.75,35.54999923706055,8997300.0,24.31584930419922
2002-07-02,35.970001220703125,33.75,35.27000045776367,33.75,10936300.0,23.084671020507812
2002-07-03,36.849998474121094,33.91999816894531,34.0,36.849998474121094,12426000.0,25.205026626586914
2002-07-05,38.5,37.029998779296875,37.20000076293945,37.9900016784668,5060400.0,25.984786987304688
2002-07-08,38.130001068115234,36.900001525878906,37.7400016784668,36.900001525878906,9799200.0,25.239229202270508
2002-07-09,37.150001525878906,35.150001525878906,37.04999923706055,35.349998474121094,13496200.0,24.179054260253906
2002-07-10,35.75,33.25,35.29999923706055,33.25,15367000.0,22.74266815185547
2002-07-11,34.150001525878906,31.399999618530273,33.400001525878906,31.399999618530273,23426500.0,21.477285385131836
2002-07-12,29.920000076293945,28.399999618530273,29.360000610351562,29.09000015258789,46589100.0,19.897268295288086
2002-07-15,30.25,28.0,29.600000381469727,30.0,25172800.0,20.51970672607422
2002-07-16,31.649999618530273,29.950000762939453,30.450000762939453,30.540000915527344,21221300.0,20.889057159423828
2002-07-17,32.2400016784668,29.899999618530273,31.75,30.8799991607666,16941800.0,21.121614456176758
2002-07-18,31.399999618530273,29.600000381469727,31.0,29.610000610351562,11875800.0,20.252944946289062
2002-07-19,29.899999618530273,28.700000762939453,29.299999237060547,28.700000762939453,13688300.0,19.63051414489746
2002-07-22,29.5,28.020000457763672,28.899999618530273,28.079999923706055,17756300.0,19.206445693969727
2002-07-23,29.299999237060547,27.75,28.280000686645508,28.149999618530273,16434900.0,19.254316329956055
2002-07-24,31.0,27.25,27.5,30.719999313354492,20872500.0,21.01218032836914
2002-07-25,30.399999618530273,28.049999237060547,30.25,28.850000381469727,18263000.0,19.733121871948242
2002-07-26,29.600000381469727,28.079999923706055,29.25,29.299999237060547,12349300.0,20.040904998779297
2002-07-29,30.979999542236328,29.719999313354492,29.959999084472656,30.979999542236328,13384200.0,21.190019607543945
2002-07-30,31.549999237060547,29.899999618530273,30.959999084472656,30.59000015258789,11618500.0,20.92325782775879
2002-07-31,31.139999389648438,29.75,30.760000228881836,30.8799991607666,11424700.0,21.121614456176758
2002-08-01,30.799999237060547,29.25,30.75,29.6299991607666,12578600.0,20.266632080078125
2002-08-02,29.600000381469727,27.959999084472656,29.5,28.43000030517578,10777300.0,19.44584083557129
2002-08-05,28.84000015258789,27.399999618530273,28.43000030517578,27.479999542236328,11214000.0,18.796051025390625
2002-08-06,28.639999389648438,27.670000076293945,27.899999618530273,28.030000686645508,13750000.0,19.17224884033203
2002-08-07,28.8700008392334,27.520000457763672,28.530000686645508,28.260000228881836,16987100.0,19.329565048217773
2002-08-08,28.270000457763672,26.100000381469727,28.260000228881836,27.139999389648438,32287500.0,18.563493728637695
2002-08-09,28.549999237060547,26.700000762939453,26.850000381469727,28.290000915527344,18477700.0,19.350078582763672
2002-08-12,27.690000534057617,26.549999237060547,27.5,26.700000762939453,19157200.0,18.262531280517578
2002-08-13,28.079999923706055,26.40999984741211,26.729999542236328,26.489999771118164,18725700.0,18.118898391723633
2002-08-14,28.5,26.5,26.799999237060547,28.280000686645508,16914500.0,19.343238830566406
2002-08-15,29.149999618530273,28.010000228881836,28.549999237060547,28.93000030517578,16689800.0,19.787832260131836
2002-08-16,28.6299991607666,27.780000686645508,28.100000381469727,28.100000381469727,14096400.0,19.220123291015625
2002-08-19,29.899999618530273,28.40999984741211,28.989999771118164,29.030000686645508,23581300.0,19.856237411499023
2002-08-20,31.0,29.899999618530273,30.540000915527344,30.25,24616600.0,20.690698623657227
2002-08-21,32.689998626708984,31.229999542236328,31.399999618530273,32.68000030517578,23847400.0,22.352798461914062
2002-08-22,34.18000030517578,32.79999923706055,32.959999084472656,33.86000061035156,17985800.0,23.159914016723633
2002-08-23,34.47999954223633,33.45000076293945,33.86000061035156,33.529998779296875,15096700.0,22.93418312072754
2002-08-26,34.15999984741211,33.349998474121094,33.650001525878906,33.93000030517578,10490400.0,23.20778465270996
2002-08-27,34.400001525878906,32.95000076293945,34.29999923706055,33.060001373291016,13413200.0,22.61271858215332
2002-08-28,33.040000915527344,32.4900016784668,33.0,32.70000076293945,9624100.0,22.36647605895996
2002-08-29,33.380001068115234,32.099998474121094,32.4900016784668,33.040000915527344,7669500.0,22.599044799804688
2002-08-30,33.54999923706055,32.7400016784668,32.900001525878906,32.93000030517578,9025700.0,22.523786544799805
2002-09-03,32.849998474121094,31.700000762939453,32.630001068115234,31.860000610351562,11832300.0,21.825056076049805
2002-09-04,32.77000045776367,31.700000762939453,31.75,32.59000015258789,8564700.0,22.325130462646484
2002-09-05,32.63999938964844,31.889999389648438,32.0,32.099998474121094,10244000.0,21.989471435546875
2002-09-06,33.79999923706055,32.58000183105469,32.58000183105469,33.25,10088400.0,22.777252197265625
2002-09-09,33.54999923706055,32.650001525878906,32.79999923706055,33.2599983215332,7028300.0,22.78411102294922
2002-09-10,33.5,32.849998474121094,33.4900016784668,33.0,7552500.0,22.60599708557129
2002-09-11,33.90999984741211,33.099998474121094,33.5,33.22999954223633,5840000.0,22.763545989990234
2002-09-12,33.150001525878906,32.380001068115234,32.849998474121094,32.47999954223633,8007800.0,22.249784469604492
2002-09-13,33.68000030517578,32.400001525878906,32.47999954223633,33.45000076293945,7750800.0,22.914255142211914
2002-09-16,34.25,33.20000076293945,33.36000061035156,34.02000045776367,6461500.0,23.30472755432129
2002-09-17,34.900001525878906,33.08000183105469,34.5,33.15999984741211,8904600.0,22.715599060058594
2002-09-18,33.70000076293945,32.560001373291016,32.900001525878906,33.18000030517578,8176100.0,22.729297637939453
2002-09-19,33.5,32.0,32.70000076293945,32.209999084472656,9377600.0,22.064823150634766
2002-09-20,32.5,30.899999618530273,32.369998931884766,31.229999542236328,13707600.0,21.393491744995117
2002-09-23,31.0,29.059999465942383,31.0,29.8799991607666,11466300.0,20.46870231628418
2002-09-24,29.8799991607666,28.299999237060547,29.25,28.40999984741211,13977700.0,19.461711883544922
2002-09-25,28.899999618530273,27.239999771118164,28.75,27.600000381469727,22796100.0,18.90683364868164
2002-09-26,28.34000015258789,27.6200008392334,27.700000762939453,28.270000457763672,18345000.0,19.365806579589844
2002-09-27,28.5,26.760000228881836,28.100000381469727,26.760000228881836,11593900.0,18.331405639648438
2002-09-30,26.56999969482422,24.75,26.25,26.100000381469727,17984100.0,17.87928581237793
2002-10-01,26.600000381469727,24.5,25.950000762939453,26.3799991607666,22640600.0,18.07110023498535
2002-10-02,26.399999618530273,24.5,26.1299991607666,24.950000762939453,18694400.0,17.09149932861328
2002-10-03,25.899999618530273,24.450000762939453,25.0,24.959999084472656,17840600.0,17.098358154296875
2002-10-04,26.190000534057617,24.600000381469727,25.479999542236328,25.799999237060547,19569600.0,17.673778533935547
2002-10-07,25.790000915527344,24.020000457763672,25.399999618530273,24.209999084472656,16780400.0,16.58458137512207
2002-10-08,25.850000381469727,24.149999618530273,24.889999389648438,25.25,19936200.0,17.297014236450195
2002-10-09,25.25,23.600000381469727,24.770000457763672,23.65999984741211,16369500.0,16.207809448242188
2002-10-10,24.799999237060547,23.18000030517578,23.979999542236328,24.600000381469727,17775400.0,16.851749420166016
2002-10-11,26.389999389648438,24.790000915527344,25.25,26.209999084472656,13474900.0,17.954641342163086
2002-10-14,27.479999542236328,25.75,26.0,26.549999237060547,10646600.0,18.18755340576172
2002-10-15,29.5,27.75,27.989999771118164,29.399999618530273,16979200.0,20.13988494873047
2002-10-16,29.0,27.899999618530273,29.0,28.450000762939453,12188300.0,19.48911476135254
2002-10-17,30.299999237060547,29.0,29.899999618530273,29.149999618530273,14699900.0,19.9686279296875
2002-10-18,30.610000610351562,28.850000381469727,29.149999618530273,30.40999984741211,12708400.0,20.831768035888672
2002-10-21,30.399999618530273,29.299999237060547,30.3799991607666,29.850000381469727,11724300.0,20.448152542114258
2002-10-22,30.18000030517578,29.15999984741211,29.5,29.56999969482422,9207000.0,20.256345748901367
2002-10-23,30.5,29.489999771118164,29.59000015258789,30.440000534057617,9160600.0,20.852319717407227
2002-10-24,31.31999969482422,29.700000762939453,30.450000762939453,29.889999389648438,12091200.0,20.475557327270508
2002-10-25,30.760000228881836,29.700000762939453,30.0,30.579999923706055,8379300.0,20.948225021362305
2002-10-28,31.190000534057617,29.889999389648438,31.100000381469727,30.149999618530273,7662100.0,20.653657913208008
2002-10-29,30.290000915527344,28.899999618530273,30.0,29.940000534057617,10166900.0,20.50980567932129
2002-10-30,29.989999771118164,29.049999237060547,29.829999923706055,29.469999313354492,8647300.0,20.187833786010742
2002-10-31,29.75,28.420000076293945,29.549999237060547,28.8799991607666,11774400.0,19.783668518066406
2002-11-01,28.809999465942383,28.0,28.809999465942383,28.399999618530273,11772400.0,19.454862594604492
2002-11-04,28.600000381469727,27.040000915527344,28.399999618530273,27.209999084472656,17446500.0,18.639677047729492
2002-11-05,28.3700008392334,27.239999771118164,27.25,28.280000686645508,11308300.0,19.372650146484375
2002-11-06,28.559999465942383,27.799999237060547,28.450000762939453,28.299999237060547,11065800.0,19.386354446411133
2002-11-07,28.309999465942383,26.8799991607666,28.309999465942383,27.190000534057617,11832600.0,18.6259708404541
2002-11-08,27.56999969482422,26.440000534057617,27.350000381469727,26.649999618530273,11611300.0,18.256053924560547
2002-11-11,26.68000030517578,26.200000762939453,26.649999618530273,26.239999771118164,7481900.0,17.975196838378906
2002-11-12,27.559999465942383,26.149999618530273,26.700000762939453,26.93000030517578,10490200.0,18.447860717773438
2002-11-13,27.440000534057617,26.25,26.610000610351562,26.950000762939453,9382700.0,18.461559295654297
2002-11-14,28.1200008392334,27.59000015258789,27.75,27.84000015258789,10308500.0,19.071243286132812
2002-11-15,28.799999237060547,27.780000686645508,28.0,28.31999969482422,12346800.0,19.400056838989258
2002-11-18,29.25,28.450000762939453,29.200000762939453,28.600000381469727,13255200.0,19.591861724853516
2002-11-19,26.75,24.600000381469727,26.030000686645508,24.90999984741211,54316300.0,17.06410026550293
2002-11-20,25.25,23.799999237060547,25.25,24.700000762939453,53474800.0,16.92024040222168
2002-11-21,25.219999313354492,24.600000381469727,24.950000762939453,24.979999542236328,34273000.0,17.112051010131836
2002-11-22,25.479999542236328,24.84000015258789,24.979999542236328,25.149999618530273,20748200.0,17.228511810302734
2002-11-25,25.729999542236328,25.209999084472656,25.25,25.450000762939453,15416600.0,17.43401336669922
2002-11-26,25.389999389648438,24.93000030517578,25.25,25.020000457763672,13789800.0,17.13945960998535
2002-11-27,26.18000030517578,25.229999542236328,25.270000457763672,26.09000015258789,18651100.0,17.8724365234375
2002-11-29,26.649999618530273,26.260000228881836,26.489999771118164,26.399999618530273,7173400.0,18.084796905517578
2002-12-02,27.5,26.260000228881836,27.479999542236328,26.469999313354492,16330500.0,18.13275909423828
2002-12-03,26.469999313354492,25.850000381469727,26.350000381469727,26.0,12795900.0,17.85124969482422
2002-12-04,26.309999465942383,25.299999237060547,25.440000534057617,26.010000228881836,16843900.0,17.858118057250977
2002-12-05,26.200000762939453,25.649999618530273,25.8799991607666,25.969999313354492,12711400.0,17.830650329589844
2002-12-06,26.229999542236328,25.450000762939453,25.450000762939453,26.100000381469727,12104800.0,17.91990852355957
2002-12-09,26.06999969482422,25.739999771118164,25.950000762939453,25.75,12105700.0,17.679607391357422
2002-12-10,26.940000534057617,25.84000015258789,25.84000015258789,26.899999618530273,16030200.0,18.469175338745117
2002-12-11,27.030000686645508,26.200000762939453,26.780000686645508,26.770000457763672,13328000.0,18.37992286682129
2002-12-12,27.6299991607666,26.850000381469727,27.190000534057617,27.290000915527344,14487400.0,18.736948013305664
2002-12-13,27.299999237060547,26.3799991607666,27.299999237060547,26.389999389648438,15097800.0,18.1190185546875
2002-12-16,27.040000915527344,26.260000228881836,26.399999618530273,26.709999084472656,13254700.0,18.33872413635254
2002-12-17,26.59000015258789,25.649999618530273,26.450000762939453,25.700000762939453,13069800.0,17.64527130126953
2002-12-18,25.850000381469727,25.100000381469727,25.739999771118164,25.469999313354492,13252700.0,17.48735809326172
2002-12-19,25.690000534057617,24.899999618530273,25.219999313354492,24.940000534057617,11451400.0,17.12346839904785
2002-12-20,25.100000381469727,24.399999618530273,24.989999771118164,24.829999923706055,25290000.0,17.04794692993164
2002-12-23,24.75,24.299999237060547,24.350000381469727,24.450000762939453,11977800.0,16.78703498840332
2002-12-24,24.350000381469727,23.950000762939453,24.25,24.200000762939453,7312200.0,16.61539077758789
2002-12-26,24.59000015258789,23.979999542236328,24.100000381469727,24.190000534057617,8403800.0,16.608522415161133
2002-12-27,24.239999771118164,23.739999771118164,23.959999084472656,23.770000457763672,8281400.0,16.320159912109375
2002-12-30,23.899999618530273,23.010000228881836,23.770000457763672,23.68000030517578,18383800.0,16.258373260498047
2002-12-31,24.170000076293945,23.31999969482422,23.549999237060547,24.020000457763672,11774200.0,16.49180793762207
2003-01-02,24.90999984741211,24.149999618530273,24.209999084472656,24.8799991607666,12884400.0,17.082273483276367
2003-01-03,22.649999618530273,21.25,22.520000457763672,21.3799991607666,65004600.0,14.67922306060791
2003-01-06,21.950000762939453,21.399999618530273,21.59000015258789,21.81999969482422,23925400.0,14.981318473815918
2003-01-07,22.0,21.399999618530273,21.75,21.459999084472656,19715600.0,14.734146118164062
2003-01-08,21.6299991607666,21.059999465942383,21.420000076293945,21.15999984741211,19973300.0,14.528168678283691
2003-01-09,21.59000015258789,21.190000534057617,21.299999237060547,21.469999313354492,21948100.0,14.741011619567871
2003-01-10,22.0,21.1299991607666,21.239999771118164,21.579999923706055,16412600.0,14.816533088684082
2003-01-13,22.079999923706055,21.549999237060547,21.920000076293945,21.959999084472656,17696200.0,15.077439308166504
2003-01-14,22.270000457763672,21.25,21.969999313354492,22.040000915527344,14524700.0,15.132369041442871
2003-01-15,22.239999771118164,21.780000686645508,22.239999771118164,21.8700008392334,13219100.0,15.015642166137695
2003-01-16,22.31999969482422,21.940000534057617,22.079999923706055,22.170000076293945,15111400.0,15.221619606018066
2003-01-17,22.700000762939453,22.030000686645508,22.5,22.43000030517578,23525200.0,15.40013599395752
2003-01-21,22.65999984741211,21.709999084472656,22.479999542236328,21.799999237060547,15390300.0,14.967588424682617
2003-01-22,22.149999618530273,21.530000686645508,21.649999618530273,21.579999923706055,12664500.0,14.816533088684082
2003-01-23,22.06999969482422,21.1299991607666,21.799999237060547,21.959999084472656,11995700.0,15.077439308166504
2003-01-24,21.920000076293945,21.010000228881836,21.850000381469727,21.260000228881836,13705600.0,14.596829414367676
2003-01-27,21.399999618530273,20.489999771118164,21.020000457763672,20.600000381469727,16422300.0,14.143682479858398
2003-01-28,20.8799991607666,20.3799991607666,20.780000686645508,20.530000686645508,13693000.0,14.09561824798584
2003-01-29,21.06999969482422,20.100000381469727,20.100000381469727,20.969999313354492,15072300.0,14.397711753845215
2003-01-30,21.34000015258789,20.56999969482422,20.969999313354492,20.719999313354492,16044200.0,14.226073265075684
2003-01-31,21.040000915527344,20.6200008392334,20.649999618530273,20.899999618530273,14137800.0,14.349660873413086
2003-02-03,21.489999771118164,20.950000762939453,21.0,21.3799991607666,12549800.0,14.67922306060791
2003-02-04,21.389999389648438,20.799999237060547,21.149999618530273,21.110000610351562,11141500.0,14.4938383102417
2003-02-05,21.3799991607666,20.950000762939453,21.270000457763672,21.309999465942383,11048800.0,14.631159782409668
2003-02-06,22.040000915527344,21.270000457763672,21.270000457763672,21.6299991607666,17750200.0,14.850872993469238
2003-02-07,21.969999313354492,21.299999237060547,21.899999618530273,21.309999465942383,11844100.0,14.631159782409668
2003-02-10,21.700000762939453,21.010000228881836,21.450000762939453,21.579999923706055,8863200.0,14.816533088684082
2003-02-11,21.709999084472656,21.149999618530273,21.530000686645508,21.280000686645508,10129700.0,14.610553741455078
2003-02-12,21.479999542236328,21.149999618530273,21.229999542236328,21.200000762939453,7826100.0,14.555633544921875
2003-02-13,21.219999313354492,20.18000030517578,21.200000762939453,20.700000762939453,12944200.0,14.212343215942383
2003-02-14,21.350000381469727,20.469999313354492,20.6200008392334,21.350000381469727,10711900.0,14.658622741699219
2003-02-18,22.170000076293945,21.450000762939453,21.5,21.899999618530273,12041300.0,15.03624153137207
2003-02-19,22.1200008392334,21.579999923706055,21.799999237060547,21.84000015258789,8619900.0,14.995047569274902
2003-02-20,21.979999542236328,21.579999923706055,21.979999542236328,21.649999618530273,7732900.0,14.864595413208008
2003-02-21,22.489999771118164,21.68000030517578,21.75,22.40999984741211,13246100.0,15.38640022277832
2003-02-24,22.860000610351562,22.059999465942383,22.860000610351562,22.18000030517578,15189600.0,15.228490829467773
2003-02-25,23.0,21.6200008392334,22.399999618530273,22.84000015258789,20170600.0,15.681635856628418
2003-02-26,23.100000381469727,22.610000610351562,22.75,22.8799991607666,13479300.0,15.709099769592285
2003-02-27,23.200000762939453,22.600000381469727,23.0,23.110000610351562,14378200.0,15.86701774597168
2003-02-28,23.59000015258789,22.729999542236328,22.729999542236328,23.450000762939453,11461300.0,16.100448608398438
2003-03-03,23.770000457763672,23.0,23.489999771118164,23.09000015258789,10208200.0,15.85328197479248
2003-03-04,22.899999618530273,22.049999237060547,22.889999389648438,22.100000381469727,11893200.0,15.173562049865723
2003-03-05,22.489999771118164,21.760000228881836,22.0,22.149999618530273,11008300.0,15.20788860321045
2003-03-06,22.440000534057617,21.760000228881836,21.969999313354492,22.100000381469727,8971100.0,15.173562049865723
2003-03-07,22.59000015258789,21.510000228881836,21.56999969482422,22.520000457763672,10939100.0,15.46192741394043
2003-03-10,22.610000610351562,21.84000015258789,22.350000381469727,21.920000076293945,7610700.0,15.049978256225586
2003-03-11,22.229999542236328,21.75,21.989999771118164,21.75,7190100.0,14.974247932434082
2003-03-12,22.18000030517578,21.65999984741211,21.75,22.170000076293945,10365400.0,15.263394355773926
2003-03-13,23.200000762939453,22.270000457763672,22.5,23.149999618530273,11208700.0,15.938104629516602
2003-03-14,23.479999542236328,22.600000381469727,23.209999084472656,22.989999771118164,9413500.0,15.82795238494873
2003-03-17,23.979999542236328,22.59000015258789,22.920000076293945,23.899999618530273,14499500.0,16.454450607299805
2003-03-18,24.09000015258789,23.329999923706055,23.950000762939453,23.940000534057617,11698400.0,16.481998443603516
2003-03-19,24.700000762939453,23.799999237060547,23.8799991607666,24.549999237060547,11782400.0,16.901960372924805
2003-03-20,25.030000686645508,23.709999084472656,24.309999465942383,24.920000076293945,12848600.0,17.156700134277344
2003-03-21,25.799999237060547,25.09000015258789,25.5,25.780000686645508,15717600.0,17.748781204223633
2003-03-24,25.5,24.100000381469727,24.5,24.3799991607666,12019100.0,16.784927368164062
2003-03-25,25.209999084472656,24.31999969482422,24.350000381469727,25.110000610351562,13468600.0,17.287506103515625
2003-03-26,25.700000762939453,25.0,25.149999618530273,25.420000076293945,11527200.0,17.500938415527344
2003-03-27,25.290000915527344,24.700000762939453,25.020000457763672,25.059999465942383,7644700.0,17.25307846069336
2003-03-28,25.059999465942383,24.420000076293945,25.059999465942383,24.6299991607666,7364200.0,16.9570369720459
2003-03-31,24.809999465942383,23.829999923706055,24.0,24.360000610351562,11630500.0,16.77116584777832
2003-04-01,24.790000915527344,23.979999542236328,24.610000610351562,24.790000915527344,10403600.0,17.06719970703125
2003-04-02,26.1299991607666,25.100000381469727,25.100000381469727,25.8799991607666,13033900.0,17.8176326751709
2003-04-03,26.280000686645508,25.850000381469727,26.049999237060547,26.030000686645508,11812400.0,17.920894622802734
2003-04-04,26.579999923706055,26.020000457763672,26.049999237060547,26.43000030517578,10454500.0,18.196287155151367
2003-04-07,27.5,26.229999542236328,27.25,26.329999923706055,13721300.0,18.127437591552734
2003-04-08,26.700000762939453,25.979999542236328,26.5,26.43000030517578,11268600.0,18.196287155151367
2003-04-09,26.600000381469727,25.649999618530273,26.43000030517578,25.75,12678400.0,17.728130340576172
2003-04-10,26.200000762939453,25.479999542236328,26.0,25.8700008392334,15850300.0,17.810745239257812
2003-04-11,26.489999771118164,25.6299991607666,26.010000228881836,25.899999618530273,10657800.0,17.831398010253906
2003-04-14,26.639999389648438,25.75,25.850000381469727,26.549999237060547,7930700.0,18.278900146484375
2003-04-15,27.200000762939453,26.610000610351562,26.799999237060547,27.15999984741211,12137100.0,18.698871612548828
2003-04-16,27.399999618530273,26.59000015258789,27.219999313354492,26.649999618530273,10259000.0,18.34775161743164
2003-04-17,27.489999771118164,26.600000381469727,26.65999984741211,27.3700008392334,9513700.0,18.843448638916016
2003-04-21,27.600000381469727,27.100000381469727,27.3700008392334,27.469999313354492,7764100.0,18.91230583190918
2003-04-22,27.75,27.079999923706055,27.219999313354492,27.649999618530273,9557200.0,19.036224365234375
2003-04-23,28.0,27.260000228881836,27.549999237060547,27.8799991607666,8650600.0,19.194568634033203
2003-04-24,27.860000610351562,27.420000076293945,27.420000076293945,27.649999618530273,7917700.0,19.036224365234375
2003-04-25,27.829999923706055,27.399999618530273,27.649999618530273,27.469999313354492,6889100.0,18.91230583190918
2003-04-28,28.0,27.5,27.5,27.90999984741211,6979700.0,19.215227127075195
2003-04-29,28.760000228881836,28.1200008392334,28.200000762939453,28.25,10936400.0,19.449310302734375
2003-04-30,28.190000534057617,27.780000686645508,28.049999237060547,28.1299991607666,11720600.0,19.36669158935547
2003-05-01,28.100000381469727,27.350000381469727,28.100000381469727,27.5,10986700.0,18.932952880859375
2003-05-02,28.600000381469727,27.68000030517578,27.799999237060547,28.510000228881836,10056600.0,19.628307342529297
2003-05-05,29.309999465942383,28.09000015258789,28.510000228881836,28.920000076293945,14546000.0,19.910579681396484
2003-05-06,29.68000030517578,29.15999984741211,29.15999984741211,29.479999542236328,13626200.0,20.296127319335938
2003-05-07,29.899999618530273,29.170000076293945,29.5,29.59000015258789,9649300.0,20.371854782104492
2003-05-08,29.799999237060547,29.010000228881836,29.350000381469727,29.229999542236328,7776400.0,20.124008178710938
2003-05-09,29.739999771118164,29.149999618530273,29.450000762939453,29.709999084472656,7550100.0,20.4544734954834
2003-05-12,30.079999923706055,29.420000076293945,29.5,30.079999923706055,11137400.0,20.709199905395508
2003-05-13,30.25,29.549999237060547,29.549999237060547,29.950000762939453,8392400.0,20.619707107543945
2003-05-14,30.200000762939453,29.440000534057617,30.049999237060547,29.600000381469727,8791100.0,20.378738403320312
2003-05-15,29.899999618530273,28.649999618530273,29.860000610351562,29.3700008392334,12929500.0,20.220396041870117
2003-05-16,29.190000534057617,28.6200008392334,29.09000015258789,29.190000534057617,11254400.0,20.096471786499023
2003-05-19,29.100000381469727,27.850000381469727,28.25,28.06999969482422,16506600.0,19.325376510620117
2003-05-20,31.399999618530273,30.399999618530273,30.549999237060547,30.670000076293945,39383700.0,21.115407943725586
2003-05-21,30.850000381469727,30.049999237060547,30.25,30.6200008392334,13235900.0,21.080982208251953
2003-05-22,31.030000686645508,30.43000030517578,30.6200008392334,30.84000015258789,10599200.0,21.232446670532227
2003-05-23,30.81999969482422,30.5,30.760000228881836,30.540000915527344,5588700.0,21.02590560913086
2003-05-27,31.579999923706055,30.1200008392334,30.149999618530273,31.450000762939453,10011600.0,21.65241241455078
2003-05-28,32.220001220703125,31.5,31.59000015258789,31.760000228881836,10287200.0,21.865835189819336
2003-05-29,32.56999969482422,31.0,31.979999542236328,32.5,10262200.0,22.375307083129883
2003-05-30,32.5,32.04999923706055,32.29999923706055,32.4900016784668,8428600.0,22.368423461914062
2003-06-02,33.09000015258789,32.38999938964844,32.75,32.63999938964844,9925600.0,22.4716854095459
2003-06-03,32.880001068115234,32.150001525878906,32.630001068115234,32.689998626708984,7732600.0,22.506120681762695
2003-06-04,32.7599983215332,32.369998931884766,32.689998626708984,32.4900016784668,7596500.0,22.368423461914062
2003-06-05,32.880001068115234,32.099998474121094,32.45000076293945,32.81999969482422,9686300.0,22.595619201660156
2003-06-06,33.400001525878906,32.650001525878906,33.06999969482422,32.86000061035156,9614400.0,22.62316131591797
2003-06-09,33.0,32.25,32.86000061035156,32.54999923706055,6521700.0,22.40973472595215
2003-06-10,32.650001525878906,32.20000076293945,32.459999084472656,32.560001373291016,6170200.0,22.4580135345459
2003-06-11,32.900001525878906,32.31999969482422,32.459999084472656,32.88999938964844,6152500.0,22.685630798339844
2003-06-12,33.29999923706055,32.54999923706055,33.20000076293945,32.93000030517578,6578100.0,22.713214874267578
2003-06-13,33.65999984741211,32.88999938964844,33.150001525878906,33.560001373291016,10376400.0,23.14775848388672
2003-06-16,34.720001220703125,33.58000183105469,33.810001373291016,34.459999084472656,9995700.0,23.76853370666504
2003-06-17,34.70000076293945,34.33000183105469,34.400001525878906,34.439998626708984,7510800.0,23.75472640991211
2003-06-18,34.439998626708984,33.2400016784668,34.43000030517578,33.43000030517578,12015900.0,23.05809211730957
2003-06-19,33.849998474121094,32.869998931884766,33.5,32.91999816894531,7886000.0,22.706315994262695
2003-06-20,33.09000015258789,32.45000076293945,33.02000045776367,32.4900016784668,13732900.0,22.409732818603516
2003-06-23,32.689998626708984,31.579999923706055,32.36000061035156,31.920000076293945,7418800.0,22.016572952270508
2003-06-24,32.400001525878906,31.84000015258789,32.099998474121094,32.220001220703125,9835400.0,22.223499298095703
2003-06-25,33.15999984741211,32.310001373291016,32.349998474121094,32.45000076293945,8650500.0,22.38214874267578
2003-06-26,33.310001373291016,31.989999771118164,32.70000076293945,32.470001220703125,7609800.0,22.395936965942383
2003-06-27,32.970001220703125,32.439998626708984,32.849998474121094,32.470001220703125,7092500.0,22.395936965942383
2003-06-30,34.04999923706055,32.849998474121094,32.900001525878906,33.119998931884766,10783600.0,22.844270706176758
2003-07-01,33.220001220703125,32.189998626708984,33.119998931884766,33.099998474121094,8807900.0,22.830469131469727
2003-07-02,33.54999923706055,33.15999984741211,33.20000076293945,33.439998626708984,7589800.0,23.064987182617188
2003-07-03,33.560001373291016,32.849998474121094,33.349998474121094,33.400001525878906,4153900.0,23.037403106689453
2003-07-07,33.90999984741211,33.59000015258789,33.650001525878906,33.77000045776367,6669400.0,23.2926025390625
2003-07-08,34.70000076293945,33.650001525878906,33.75,34.54999923706055,7614300.0,23.830596923828125
2003-07-09,34.4900016784668,33.33000183105469,34.220001220703125,33.4900016784668,13723000.0,23.099477767944336
2003-07-10,33.4900016784668,32.0,33.4900016784668,32.43000030517578,11537900.0,22.368349075317383
2003-07-11,33.5,32.959999084472656,33.400001525878906,33.16999816894531,10669200.0,22.878759384155273
2003-07-14,34.0,33.25,33.70000076293945,33.380001068115234,7455500.0,23.02359962463379
2003-07-15,34.54999923706055,33.08000183105469,33.54999923706055,33.16999816894531,10319000.0,22.878759384155273
2003-07-16,33.630001068115234,32.59000015258789,33.150001525878906,33.5,10460600.0,23.106369018554688
2003-07-17,34.18000030517578,32.90999984741211,33.5,33.099998474121094,7127000.0,22.830469131469727
2003-07-18,33.5099983215332,32.65999984741211,33.5,33.08000183105469,6285600.0,22.816675186157227
2003-07-21,33.2400016784668,32.150001525878906,33.20000076293945,32.150001525878906,7447300.0,22.17521858215332
2003-07-22,32.31999969482422,31.399999618530273,32.31999969482422,31.760000228881836,12416400.0,21.906217575073242
2003-07-23,32.34000015258789,31.68000030517578,32.029998779296875,32.119998931884766,8026100.0,22.154523849487305
2003-07-24,32.470001220703125,31.459999084472656,32.15999984741211,31.479999542236328,7095400.0,21.713088989257812
2003-07-25,32.040000915527344,30.90999984741211,31.700000762939453,32.0,10019400.0,22.071758270263672
2003-07-28,32.369998931884766,31.450000762939453,32.20000076293945,31.75,9533700.0,21.899324417114258
2003-07-29,32.16999816894531,31.459999084472656,31.860000610351562,31.56999969482422,9160000.0,21.775163650512695
2003-07-30,31.639999389648438,30.559999465942383,31.579999923706055,31.299999237060547,13376600.0,21.58894157409668
2003-07-31,31.860000610351562,31.18000030517578,31.549999237060547,31.200000762939453,8446200.0,21.519962310791016
2003-08-01,31.25,30.649999618530273,31.25,30.799999237060547,8249800.0,21.24406623840332
2003-08-04,31.1299991607666,30.100000381469727,30.799999237060547,30.950000762939453,7036200.0,21.3475284576416
2003-08-05,30.959999084472656,30.280000686645508,30.649999618530273,30.299999237060547,8585900.0,20.89920425415039
2003-08-06,31.479999542236328,30.489999771118164,30.700000762939453,31.31999969482422,10176400.0,21.60272789001465
2003-08-07,32.04999923706055,31.290000915527344,31.299999237060547,31.959999084472656,10281900.0,22.044170379638672
2003-08-08,32.77000045776367,32.29999923706055,32.29999923706055,32.720001220703125,8409000.0,22.568370819091797
2003-08-11,33.06999969482422,32.52000045776367,32.65999984741211,32.689998626708984,6665400.0,22.54768180847168
2003-08-12,33.130001068115234,32.599998474121094,32.81999969482422,33.130001068115234,5552400.0,22.851167678833008
2003-08-13,33.34000015258789,33.0,33.130001068115234,33.18000030517578,6164300.0,22.885656356811523
2003-08-14,33.2400016784668,32.83000183105469,33.119998931884766,33.08000183105469,6313600.0,22.816675186157227
2003-08-15,33.540000915527344,33.0099983215332,33.25,33.540000915527344,5241800.0,23.13396644592285
2003-08-18,34.22999954223633,33.720001220703125,34.040000915527344,33.900001525878906,11878700.0,23.38226890563965
2003-08-19,34.0,32.02000045776367,33.90999984741211,32.15999984741211,32574000.0,22.182125091552734
2003-08-20,32.650001525878906,32.099998474121094,32.2400016784668,32.56999969482422,12612000.0,22.46491050720215
2003-08-21,32.86000061035156,32.45000076293945,32.72999954223633,32.7599983215332,10810700.0,22.595966339111328
2003-08-22,33.099998474121094,32.40999984741211,32.95000076293945,32.79999923706055,11956300.0,22.623550415039062
2003-08-25,33.119998931884766,32.119998931884766,32.54999923706055,32.47999954223633,7901100.0,22.40283203125
2003-08-26,32.400001525878906,31.829999923706055,32.20000076293945,32.2400016784668,10068300.0,22.237300872802734
2003-08-27,32.61000061035156,32.13999938964844,32.150001525878906,32.459999084472656,7076500.0,22.389034271240234
2003-08-28,32.849998474121094,32.040000915527344,32.22999954223633,32.2599983215332,6342200.0,22.25108528137207
2003-08-29,32.2400016784668,31.8700008392334,32.099998474121094,32.15999984741211,6875600.0,22.182125091552734
2003-09-02,32.33000183105469,31.899999618530273,31.93000030517578,32.2599983215332,9068300.0,22.299623489379883
2003-09-03,32.86000061035156,32.099998474121094,32.13999938964844,32.790000915527344,11368700.0,22.665992736816406
2003-09-04,34.25,32.849998474121094,32.849998474121094,34.2400016784668,18824400.0,23.668306350708008
2003-09-05,34.099998474121094,33.27000045776367,33.84000015258789,33.7599983215332,11734600.0,23.336505889892578
2003-09-08,33.7599983215332,33.349998474121094,33.75,33.75,8739200.0,23.3295841217041
2003-09-09,33.0,31.940000534057617,32.9900016784668,32.150001525878906,19824300.0,22.223590850830078
2003-09-10,32.38999938964844,31.700000762939453,32.0,31.770000457763672,11832300.0,21.960914611816406
2003-09-11,32.25,31.739999771118164,31.850000381469727,31.760000228881836,9628500.0,21.954004287719727
2003-09-12,31.770000457763672,31.110000610351562,31.770000457763672,31.59000015258789,12207400.0,21.83649253845215
2003-09-15,32.900001525878906,31.950000762939453,31.989999771118164,32.779998779296875,15480000.0,22.659074783325195
2003-09-16,33.31999969482422,32.540000915527344,32.810001373291016,33.29999923706055,12875500.0,23.018522262573242
2003-09-17,33.29999923706055,32.93000030517578,33.130001068115234,33.0,8335500.0,22.811155319213867
2003-09-18,33.27000045776367,32.5099983215332,32.900001525878906,33.18000030517578,9354600.0,22.935579299926758
2003-09-19,33.31999969482422,32.84000015258789,33.040000915527344,33.099998474121094,8032300.0,22.880271911621094
2003-09-22,32.9900016784668,32.560001373291016,32.86000061035156,32.7400016784668,5602900.0,22.631423950195312
2003-09-23,33.16999816894531,32.810001373291016,33.099998474121094,33.0,6493000.0,22.811155319213867
2003-09-24,33.0,32.380001068115234,33.0,32.400001525878906,5628700.0,22.396404266357422
2003-09-25,32.849998474121094,32.130001068115234,32.380001068115234,32.150001525878906,6490300.0,22.223590850830078
2003-09-26,32.439998626708984,31.899999618530273,32.099998474121094,31.979999542236328,6719800.0,22.106069564819336
2003-09-29,32.20000076293945,31.690000534057617,31.8799991607666,32.150001525878906,7399900.0,22.223590850830078
2003-09-30,32.31999969482422,31.649999618530273,32.150001525878906,31.850000381469727,9819300.0,22.016218185424805
2003-10-01,33.0,32.060001373291016,32.119998931884766,32.900001525878906,9912200.0,22.742029190063477
2003-10-02,33.470001220703125,32.900001525878906,33.06999969482422,33.25,9057300.0,22.983963012695312
2003-10-03,33.900001525878906,33.529998779296875,33.689998626708984,33.630001068115234,8669200.0,23.24663543701172
2003-10-06,34.150001525878906,33.529998779296875,33.619998931884766,34.02000045776367,5318200.0,23.516220092773438
2003-10-07,34.47999954223633,33.54999923706055,33.650001525878906,34.470001220703125,7272100.0,23.8272762298584
2003-10-08,34.47999954223633,34.13999938964844,34.470001220703125,34.38999938964844,5623600.0,23.77198600769043
2003-10-09,35.4900016784668,34.66999816894531,34.90999984741211,35.119998931884766,12209100.0,24.276594161987305
2003-10-10,35.25,34.790000915527344,35.02000045776367,34.91999816894531,6918100.0,24.138343811035156
2003-10-13,35.5,35.099998474121094,35.099998474121094,35.5,5948200.0,24.539274215698242
2003-10-14,35.5099983215332,35.189998626708984,35.5,35.33000183105469,6939600.0,24.4217529296875
2003-10-15,36.400001525878906,35.470001220703125,35.83000183105469,36.290000915527344,12786800.0,25.08535385131836
2003-10-16,36.54999923706055,35.93000030517578,36.290000915527344,36.310001373291016,7833800.0,25.099184036254883
2003-10-17,36.63999938964844,36.02000045776367,36.41999816894531,36.150001525878906,7276900.0,24.988576889038086
2003-10-20,36.349998474121094,35.79999923706055,36.279998779296875,36.099998474121094,6973800.0,24.954010009765625
2003-10-21,36.5,35.95000076293945,36.11000061035156,36.150001525878906,4898100.0,24.988576889038086
2003-10-22,36.29999923706055,35.79999923706055,36.150001525878906,36.060001373291016,5297400.0,24.926372528076172
2003-10-23,36.16999816894531,35.70000076293945,35.849998474121094,35.84000015258789,7017700.0,24.7742919921875
2003-10-24,35.7400016784668,35.11000061035156,35.5,35.599998474121094,6866000.0,24.608394622802734
2003-10-27,36.119998931884766,35.68000030517578,35.7400016784668,36.0,5430100.0,24.88489532470703
2003-10-28,37.5,36.279998779296875,36.380001068115234,37.5,12889600.0,25.921754837036133
2003-10-29,37.84000015258789,37.04999923706055,37.220001220703125,37.22999954223633,7415600.0,25.735122680664062
2003-10-30,37.540000915527344,36.63999938964844,37.52000045776367,37.060001373291016,5883300.0,25.61760902404785
2003-10-31,37.4900016784668,37.0,37.400001525878906,37.06999969482422,4915200.0,25.624536514282227
2003-11-03,37.88999938964844,37.29999923706055,37.43000030517578,37.52000045776367,6959300.0,25.93558120727539
2003-11-04,37.599998474121094,37.11000061035156,37.45000076293945,37.27000045776367,5221100.0,25.76277732849121
2003-11-05,37.209999084472656,36.560001373291016,37.150001525878906,37.099998474121094,4584400.0,25.645265579223633
2003-11-06,37.369998931884766,36.59000015258789,36.79999923706055,37.31999969482422,5826300.0,25.797344207763672
2003-11-07,37.720001220703125,37.060001373291016,37.38999938964844,37.369998931884766,5057200.0,25.83188819885254
2003-11-10,37.47999954223633,36.619998931884766,37.369998931884766,37.060001373291016,5932100.0,25.61760902404785
2003-11-11,37.189998626708984,36.5099983215332,37.060001373291016,36.93000030517578,5175900.0,25.527740478515625
2003-11-12,36.9900016784668,36.630001068115234,36.900001525878906,36.939998626708984,4472700.0,25.53466033935547
2003-11-13,36.939998626708984,36.099998474121094,36.939998626708984,36.31999969482422,7777000.0,25.1060848236084
2003-11-14,36.65999984741211,35.75,36.31999969482422,36.189998626708984,6387600.0,25.016233444213867
2003-11-17,35.91999816894531,34.83000183105469,35.220001220703125,35.470001220703125,9816200.0,24.518535614013672
2003-11-18,36.75,34.95000076293945,36.599998474121094,34.95000076293945,18409200.0,24.159082412719727
2003-11-19,35.75,34.900001525878906,35.06999969482422,35.459999084472656,9175600.0,24.511615753173828
2003-11-20,35.95000076293945,35.27000045776367,35.33000183105469,35.310001373291016,6770300.0,24.407939910888672
2003-11-21,35.790000915527344,35.29999923706055,35.54999923706055,35.65999984741211,6219300.0,24.649869918823242
2003-11-24,36.59000015258789,35.790000915527344,35.79999923706055,36.47999954223633,6957300.0,25.216697692871094
2003-11-25,36.75,36.29999923706055,36.47999954223633,36.619998931884766,5727300.0,25.31346321105957
2003-11-26,36.77000045776367,35.93000030517578,36.619998931884766,36.54999923706055,5825600.0,25.26508140563965
2003-11-28,36.88999938964844,36.65999984741211,36.720001220703125,36.7599983215332,3237500.0,25.410242080688477
2003-12-01,36.97999954223633,36.27000045776367,36.880001068115234,36.77000045776367,7125300.0,25.417156219482422
2003-12-02,36.58000183105469,35.849998474121094,36.400001525878906,35.869998931884766,8624500.0,24.842317581176758
2003-12-03,36.22999954223633,35.40999984741211,35.95000076293945,35.529998779296875,6877700.0,24.606847763061523
2003-12-04,35.72999954223633,33.56999969482422,35.5,34.86000061035156,15138600.0,24.142833709716797
2003-12-05,35.20000076293945,34.27000045776367,34.529998779296875,34.720001220703125,5612500.0,24.045875549316406
2003-12-08,35.099998474121094,34.310001373291016,34.47999954223633,34.70000076293945,5338800.0,24.03202247619629
2003-12-09,34.880001068115234,34.02000045776367,34.849998474121094,34.040000915527344,7784300.0,23.574939727783203
2003-12-10,34.11000061035156,31.93000030517578,34.060001373291016,33.08000183105469,14876200.0,22.91006088256836
2003-12-11,34.689998626708984,33.47999954223633,33.5,34.529998779296875,13795700.0,23.914283752441406
2003-12-12,34.83000183105469,34.5,34.75,34.650001525878906,7409200.0,23.997398376464844
2003-12-15,35.470001220703125,34.18000030517578,35.439998626708984,34.349998474121094,11036400.0,23.789623260498047
2003-12-16,34.47999954223633,33.79999923706055,34.20000076293945,34.36000061035156,12630300.0,23.796550750732422
2003-12-17,35.25,34.029998779296875,34.099998474121094,35.13999938964844,9428900.0,24.336755752563477
2003-12-18,35.47999954223633,34.70000076293945,35.13999938964844,35.33000183105469,9953200.0,24.468334197998047
2003-12-19,35.52000045776367,35.04999923706055,35.47999954223633,35.5,16135100.0,24.586078643798828
2003-12-22,35.459999084472656,34.5,35.279998779296875,34.83000183105469,9432000.0,24.12204933166504
2003-12-23,35.0,34.400001525878906,34.54999923706055,34.599998474121094,6813200.0,23.962759017944336
2003-12-24,34.849998474121094,34.40999984741211,34.650001525878906,34.689998626708984,4408200.0,24.02509880065918
2003-12-26,35.130001068115234,34.689998626708984,34.689998626708984,34.880001068115234,2436000.0,24.15668296813965
2003-12-29,35.599998474121094,34.869998931884766,35.0,35.58000183105469,8173700.0,24.64148712158203
2003-12-30,35.65999984741211,35.18000030517578,35.459999084472656,35.290000915527344,4995500.0,24.44063949584961
2003-12-31,35.560001373291016,35.15999984741211,35.18000030517578,35.4900016784668,5012400.0,24.579151153564453
2004-01-02,35.939998626708984,34.810001373291016,35.75,35.02000045776367,7177600.0,24.253639221191406
2004-01-05,35.25,34.810001373291016,35.06999969482422,35.029998779296875,11405100.0,24.260570526123047
2004-01-06,35.54999923706055,34.84000015258789,35.09000015258789,35.40999984741211,8845200.0,24.523740768432617
2004-01-07,36.09000015258789,35.36000061035156,35.439998626708984,35.900001525878906,9236900.0,24.863096237182617
2004-01-08,35.97999954223633,35.16999816894531,35.88999938964844,35.599998474121094,10918400.0,24.655330657958984
2004-01-09,36.06999969482422,35.38999938964844,35.400001525878906,35.689998626708984,8280000.0,24.71765899658203
2004-01-12,35.79999923706055,34.83000183105469,35.630001068115234,35.20000076293945,10170700.0,24.378297805786133
2004-01-13,35.45000076293945,34.75,35.439998626708984,35.08000183105469,8871800.0,24.295198440551758
2004-01-14,35.599998474121094,34.81999969482422,35.08000183105469,35.470001220703125,9344700.0,24.56529998779297
2004-01-15,35.63999938964844,34.97999954223633,35.529998779296875,35.43000030517578,9006100.0,24.5375919342041
2004-01-16,35.86000061035156,34.75,35.79999923706055,34.939998626708984,18627300.0,24.1982364654541
2004-01-20,35.15999984741211,34.79999923706055,34.959999084472656,35.0099983215332,10340800.0,24.246719360351562
2004-01-21,35.7400016784668,35.0099983215332,35.150001525878906,35.63999938964844,8554800.0,24.683040618896484
2004-01-22,36.13999938964844,35.29999923706055,35.63999938964844,35.93000030517578,7968800.0,24.88387680053711
2004-01-23,36.209999084472656,35.77000045776367,36.04999923706055,35.91999816894531,6773100.0,24.87693977355957
2004-01-26,36.349998474121094,35.7599983215332,35.88999938964844,36.29999923706055,6377700.0,25.140121459960938
2004-01-27,36.400001525878906,35.91999816894531,35.91999816894531,35.939998626708984,6164400.0,24.89080047607422
2004-01-28,36.150001525878906,34.70000076293945,36.119998931884766,34.84000015258789,11054400.0,24.128984451293945
2004-01-29,35.650001525878906,34.900001525878906,35.04999923706055,35.599998474121094,8789700.0,24.655330657958984
2004-01-30,35.81999969482422,35.31999969482422,35.45000076293945,35.470001220703125,5811100.0,24.56529998779297
2004-02-02,35.83000183105469,35.04999923706055,35.470001220703125,35.290000915527344,7547200.0,24.44063949584961
2004-02-03,35.52000045776367,35.02000045776367,35.04999923706055,35.04999923706055,7144400.0,24.274410247802734
2004-02-04,35.83000183105469,35.0099983215332,35.04999923706055,35.459999084472656,7859100.0,24.558368682861328
2004-02-05,35.849998474121094,35.34000015258789,35.5,35.5,5996600.0,24.586078643798828
2004-02-06,36.40999984741211,35.58000183105469,35.599998474121094,36.33000183105469,7356200.0,25.160903930664062
2004-02-09,36.68000030517578,36.11000061035156,36.33000183105469,36.16999816894531,5684900.0,25.050092697143555
2004-02-10,36.349998474121094,35.83000183105469,36.29999923706055,36.04999923706055,7258100.0,24.966983795166016
2004-02-11,37.0099983215332,35.939998626708984,36.099998474121094,36.83000183105469,9489400.0,25.50718116760254
2004-02-12,36.86000061035156,36.36000061035156,36.77000045776367,36.56999969482422,4933200.0,25.32712173461914
2004-02-13,36.779998779296875,35.97999954223633,36.599998474121094,36.16999816894531,6144800.0,25.050092697143555
2004-02-17,36.4900016784668,36.119998931884766,36.2599983215332,36.29999923706055,6118000.0,25.140121459960938
2004-02-18,36.54999923706055,35.70000076293945,36.54999923706055,35.88999938964844,6156400.0,24.856172561645508
2004-02-19,36.310001373291016,35.529998779296875,36.29999923706055,35.560001373291016,7672200.0,24.62762451171875
2004-02-20,35.900001525878906,35.15999984741211,35.75,35.70000076293945,7681800.0,24.72458267211914
2004-02-23,35.900001525878906,35.15999984741211,35.790000915527344,35.380001068115234,8243100.0,24.502967834472656
2004-02-24,36.11000061035156,35.459999084472656,35.790000915527344,35.9900016784668,11990400.0,24.925437927246094
2004-02-25,36.5,36.11000061035156,36.400001525878906,36.40999984741211,9190500.0,25.216310501098633
2004-02-26,36.97999954223633,36.20000076293945,36.41999816894531,36.84000015258789,8174400.0,25.514102935791016
2004-02-27,37.08000183105469,36.27000045776367,37.0,36.310001373291016,10312900.0,25.147056579589844
2004-03-01,36.88999938964844,36.400001525878906,36.58000183105469,36.84000015258789,6856800.0,25.514102935791016
2004-03-02,37.310001373291016,36.7599983215332,36.77000045776367,37.029998779296875,8727000.0,25.645700454711914
2004-03-03,37.2599983215332,36.900001525878906,36.90999984741211,37.04999923706055,5706200.0,25.6595516204834
2004-03-04,37.189998626708984,36.72999954223633,37.150001525878906,37.099998474121094,5845800.0,25.69417953491211
2004-03-05,37.560001373291016,36.65999984741211,36.849998474121094,37.45000076293945,9249200.0,25.936580657958984
2004-03-08,37.650001525878906,37.099998474121094,37.45000076293945,37.220001220703125,6794900.0,25.777286529541016
2004-03-09,37.16999816894531,36.70000076293945,36.95000076293945,36.970001220703125,7330100.0,25.652385711669922
2004-03-10,37.04999923706055,36.29999923706055,36.83000183105469,36.400001525878906,6455800.0,25.256881713867188
2004-03-11,36.7400016784668,36.0,36.209999084472656,36.09000015258789,8674800.0,25.041786193847656
2004-03-12,36.97999954223633,35.560001373291016,36.04999923706055,36.09000015258789,6765300.0,25.041786193847656
2004-03-15,36.040000915527344,35.119998931884766,35.95000076293945,35.40999984741211,7237200.0,24.569948196411133
2004-03-16,36.099998474121094,35.40999984741211,35.58000183105469,35.86000061035156,5786400.0,24.882192611694336
2004-03-17,36.58000183105469,36.0,36.189998626708984,36.5,5748500.0,25.326271057128906
2004-03-18,37.150001525878906,36.400001525878906,36.5,36.9900016784668,8353600.0,25.6662654876709
2004-03-19,37.16999816894531,36.540000915527344,37.0,36.68000030517578,7530600.0,25.4511661529541
2004-03-22,36.38999938964844,35.93000030517578,36.29999923706055,36.060001373291016,6640400.0,25.020971298217773
2004-03-23,36.439998626708984,36.029998779296875,36.20000076293945,36.209999084472656,7240500.0,25.125045776367188
2004-03-24,36.310001373291016,35.779998779296875,36.150001525878906,35.9900016784668,6452000.0,24.97240447998047
2004-03-25,37.2599983215332,35.90999984741211,36.04999923706055,37.150001525878906,7944900.0,25.777286529541016
2004-03-26,37.22999954223633,36.900001525878906,36.959999084472656,36.93000030517578,6852100.0,25.62462615966797
2004-03-29,37.33000183105469,36.86000061035156,36.93000030517578,37.29999923706055,5376700.0,25.881364822387695
2004-03-30,37.5099983215332,37.15999984741211,37.29999923706055,37.40999984741211,5044600.0,25.957691192626953
2004-03-31,37.4900016784668,37.02000045776367,37.31999969482422,37.36000061035156,6272500.0,25.92300033569336
2004-04-01,37.34000015258789,37.0,37.29999923706055,37.08000183105469,5471600.0,25.728710174560547
2004-04-02,37.38999938964844,36.45000076293945,37.29999923706055,36.68000030517578,12430300.0,25.4511661529541
2004-04-05,37.279998779296875,36.52000045776367,36.529998779296875,37.2400016784668,6466300.0,25.83974266052246
2004-04-06,37.84000015258789,36.75,37.84000015258789,36.939998626708984,5716000.0,25.631574630737305
2004-04-07,37.209999084472656,36.41999816894531,37.119998931884766,36.4900016784668,7767000.0,25.319334030151367
2004-04-08,36.84000015258789,36.060001373291016,36.75,36.20000076293945,9025200.0,25.11811065673828
2004-04-12,36.4900016784668,36.20000076293945,36.2599983215332,36.459999084472656,3910700.0,25.298519134521484
2004-04-13,36.52000045776367,35.720001220703125,36.459999084472656,35.86000061035156,8008400.0,24.882192611694336
2004-04-14,36.040000915527344,35.45000076293945,35.5,35.81999969482422,6885600.0,24.85443878173828
2004-04-15,36.13999938964844,35.77000045776367,35.83000183105469,35.86000061035156,6164600.0,24.882192611694336
2004-04-16,36.25,35.599998474121094,36.150001525878906,36.20000076293945,7030600.0,25.11811065673828
2004-04-19,36.099998474121094,35.619998931884766,36.04999923706055,36.0,4980300.0,24.979341506958008
2004-04-20,36.529998779296875,35.650001525878906,36.150001525878906,35.650001525878906,4915800.0,24.736486434936523
2004-04-21,35.959999084472656,35.400001525878906,35.709999084472656,35.540000915527344,6626300.0,24.660158157348633
2004-04-22,36.5,35.400001525878906,35.470001220703125,36.349998474121094,6015100.0,25.22218894958496
2004-04-23,36.75,36.06999969482422,36.099998474121094,36.4900016784668,4680400.0,25.319334030151367
2004-04-26,36.84000015258789,36.310001373291016,36.599998474121094,36.349998474121094,4549700.0,25.22218894958496
2004-04-27,36.869998931884766,36.36000061035156,36.369998931884766,36.529998779296875,5152000.0,25.347084045410156
2004-04-28,36.41999816894531,35.83000183105469,36.279998779296875,35.9900016784668,5011200.0,24.97240447998047
2004-04-29,36.189998626708984,35.400001525878906,35.900001525878906,35.72999954223633,6266500.0,24.79198455810547
2004-04-30,35.880001068115234,35.189998626708984,35.72999954223633,35.189998626708984,6377800.0,24.417295455932617
2004-05-03,35.5,34.79999923706055,35.25,35.22999954223633,8375300.0,24.445056915283203
2004-05-04,35.75,35.099998474121094,35.220001220703125,35.36000061035156,5134500.0,24.535263061523438
2004-05-05,35.400001525878906,35.029998779296875,35.22999954223633,35.2599983215332,4653800.0,24.465869903564453
2004-05-06,35.02000045776367,34.150001525878906,35.0,34.36000061035156,10876800.0,23.841388702392578
2004-05-07,34.25,32.880001068115234,33.5,33.0,15928600.0,22.897729873657227
2004-05-10,33.470001220703125,32.54999923706055,32.599998474121094,33.439998626708984,10169800.0,23.20302391052246
2004-05-11,33.52000045776367,33.119998931884766,33.45000076293945,33.4900016784668,7538100.0,23.237728118896484
2004-05-12,33.709999084472656,32.34000015258789,33.349998474121094,33.529998779296875,10560700.0,23.265472412109375
2004-05-13,34.060001373291016,33.119998931884766,33.25,33.720001220703125,8983200.0,23.39731788635254
2004-05-14,34.099998474121094,33.20000076293945,33.58000183105469,33.79999923706055,6948300.0,23.452816009521484
2004-05-17,33.75,33.06999969482422,33.25,33.470001220703125,8121900.0,23.223848342895508
2004-05-18,34.7400016784668,34.150001525878906,34.45000076293945,34.619998931884766,14104700.0,24.021791458129883
2004-05-19,34.95000076293945,33.959999084472656,34.849998474121094,34.02000045776367,7603400.0,23.60546875
2004-05-20,34.34000015258789,33.77000045776367,34.02000045776367,34.099998474121094,6761300.0,23.660974502563477
2004-05-21,34.81999969482422,34.119998931884766,34.25,34.470001220703125,8684700.0,23.917709350585938
2004-05-24,34.779998779296875,34.349998474121094,34.599998474121094,34.650001525878906,6276400.0,24.042617797851562
2004-05-25,35.310001373291016,34.310001373291016,34.65999984741211,35.29999923706055,7517900.0,24.493621826171875
2004-05-26,35.540000915527344,34.939998626708984,35.25,35.459999084472656,6813900.0,24.60464859008789
2004-05-27,36.02000045776367,35.41999816894531,35.5,35.84000015258789,8433900.0,24.868316650390625
2004-05-28,36.29999923706055,35.77000045776367,35.84000015258789,35.91999816894531,7014700.0,24.92381477355957
2004-06-01,35.91999816894531,35.5099983215332,35.77000045776367,35.7599983215332,6297800.0,24.81281089782715
2004-06-02,35.72999954223633,34.849998474121094,35.0,35.66999816894531,11178600.0,24.75035858154297
2004-06-03,35.9900016784668,35.220001220703125,35.5,35.47999954223633,7191900.0,24.6185245513916
2004-06-04,35.77000045776367,35.29999923706055,35.56999969482422,35.33000183105469,8056300.0,24.514442443847656
2004-06-07,35.95000076293945,35.2599983215332,35.58000183105469,35.84000015258789,7311300.0,24.868316650390625
2004-06-08,35.95000076293945,35.29999923706055,35.75,35.93000030517578,7613500.0,24.99003791809082
2004-06-09,35.7400016784668,35.31999969482422,35.47999954223633,35.439998626708984,8780500.0,24.649232864379883
2004-06-10,35.83000183105469,35.279998779296875,35.63999938964844,35.75,8184600.0,24.86484146118164
2004-06-14,35.689998626708984,35.08000183105469,35.5,35.5099983215332,5682500.0,24.697914123535156
2004-06-15,35.97999954223633,35.65999984741211,35.79999923706055,35.77000045776367,7589900.0,24.878759384155273
2004-06-16,36.06999969482422,35.5,35.779998779296875,36.0,5333100.0,25.038726806640625
2004-06-17,35.959999084472656,35.5,35.95000076293945,35.66999816894531,5880500.0,24.8091983795166
2004-06-18,35.68000030517578,35.20000076293945,35.68000030517578,35.369998931884766,13836700.0,24.600536346435547
2004-06-21,35.90999984741211,35.25,35.25,35.720001220703125,7814000.0,24.843975067138672
2004-06-22,35.40999984741211,34.77000045776367,35.349998474121094,35.040000915527344,10313400.0,24.371021270751953
2004-06-23,35.5,34.75,34.900001525878906,35.439998626708984,7715000.0,24.649232864379883
2004-06-24,36.11000061035156,35.349998474121094,35.5,35.400001525878906,8889700.0,24.62140655517578
2004-06-25,36.130001068115234,35.25,35.54999923706055,35.25,12481000.0,24.51706886291504
2004-06-28,35.75,35.349998474121094,35.5,35.459999084472656,6621300.0,24.66314125061035
2004-06-29,35.34000015258789,34.880001068115234,35.33000183105469,35.16999816894531,7898200.0,24.46143913269043
2004-06-30,35.2599983215332,34.849998474121094,35.06999969482422,35.20000076293945,6443600.0,24.482297897338867
2004-07-01,35.349998474121094,34.63999938964844,35.209999084472656,34.9900016784668,7660100.0,24.33625030517578
2004-07-02,35.189998626708984,34.4900016784668,34.9900016784668,34.689998626708984,6150600.0,24.12759017944336
2004-07-06,34.959999084472656,34.20000076293945,34.400001525878906,34.66999816894531,6617700.0,24.113677978515625
2004-07-07,35.119998931884766,34.54999923706055,34.54999923706055,35.0,5049600.0,24.34320068359375
2004-07-08,34.9900016784668,34.2400016784668,34.79999923706055,34.290000915527344,7180500.0,23.849380493164062
2004-07-09,34.5,34.130001068115234,34.29999923706055,34.369998931884766,5737500.0,23.90502166748047
2004-07-12,34.81999969482422,34.15999984741211,34.369998931884766,34.65999984741211,5761400.0,24.106719970703125
2004-07-13,34.970001220703125,34.599998474121094,34.70000076293945,34.86000061035156,4922700.0,24.245832443237305
2004-07-14,34.970001220703125,34.36000061035156,34.77000045776367,34.5099983215332,5486800.0,24.002389907836914
2004-07-15,34.65999984741211,34.310001373291016,34.65999984741211,34.33000183105469,5370700.0,23.877206802368164
2004-07-16,34.63999938964844,33.86000061035156,34.63999938964844,33.91999816894531,6820400.0,23.592041015625
2004-07-19,34.060001373291016,32.939998626708984,33.95000076293945,33.27000045776367,10107400.0,23.13995361328125
2004-07-20,34.18000030517578,33.349998474121094,33.349998474121094,33.9900016784668,5870600.0,23.640727996826172
2004-07-21,34.27000045776367,33.529998779296875,34.220001220703125,33.529998779296875,5192200.0,23.320781707763672
2004-07-22,33.86000061035156,33.150001525878906,33.349998474121094,33.79999923706055,5672600.0,23.50857162475586
2004-07-23,33.7400016784668,32.90999984741211,33.70000076293945,33.0,7399700.0,22.952163696289062
2004-07-26,33.27000045776367,32.56999969482422,33.04999923706055,32.880001068115234,6551000.0,22.86870574951172
2004-07-27,33.79999923706055,32.95000076293945,32.97999954223633,33.43000030517578,7403500.0,23.25123405456543
2004-07-28,33.68000030517578,33.040000915527344,33.38999938964844,33.5,5647200.0,23.2999267578125
2004-07-29,34.0099983215332,33.27000045776367,33.650001525878906,33.720001220703125,4196000.0,23.452939987182617
2004-07-30,33.880001068115234,33.400001525878906,33.599998474121094,33.720001220703125,4397600.0,23.452939987182617
2004-08-02,34.220001220703125,33.560001373291016,33.720001220703125,34.029998779296875,5040500.0,23.66854476928711
2004-08-03,33.900001525878906,33.220001220703125,33.869998931884766,33.52000045776367,6156100.0,23.313833236694336
2004-08-04,33.86000061035156,33.11000061035156,33.27000045776367,33.59000015258789,5037500.0,23.362516403198242
2004-08-05,33.630001068115234,32.79999923706055,33.59000015258789,32.97999954223633,5542800.0,22.938243865966797
2004-08-06,33.25,32.38999938964844,32.54999923706055,32.900001525878906,7796500.0,22.88260841369629
2004-08-09,33.2400016784668,32.869998931884766,32.900001525878906,32.90999984741211,4149700.0,22.889568328857422
2004-08-10,33.369998931884766,32.90999984741211,33.0,33.369998931884766,4364600.0,23.209508895874023
2004-08-11,33.13999938964844,32.70000076293945,33.119998931884766,33.09000015258789,5863900.0,23.014755249023438
2004-08-12,33.380001068115234,32.880001068115234,33.13999938964844,32.95000076293945,5226300.0,22.917381286621094
2004-08-13,33.470001220703125,32.939998626708984,33.150001525878906,33.13999938964844,6774800.0,23.049531936645508
2004-08-16,34.34000015258789,33.400001525878906,33.45000076293945,33.97999954223633,9742200.0,23.633764266967773
2004-08-17,35.849998474121094,35.029998779296875,35.779998779296875,35.099998474121094,14737400.0,24.412752151489258
2004-08-18,36.09000015258789,35.0,35.0,36.029998779296875,12812900.0,25.05958366394043
2004-08-19,36.790000915527344,36.0,36.029998779296875,36.2400016784668,9857400.0,25.205642700195312
2004-08-20,36.4900016784668,36.040000915527344,36.2400016784668,36.36000061035156,5818000.0,25.289112091064453
2004-08-23,36.279998779296875,35.650001525878906,36.27000045776367,36.0,5654200.0,25.038726806640625
2004-08-24,36.400001525878906,36.06999969482422,36.189998626708984,36.33000183105469,7265700.0,25.268245697021484
2004-08-25,36.77000045776367,36.09000015258789,36.220001220703125,36.599998474121094,5550000.0,25.456026077270508
2004-08-26,36.869998931884766,36.470001220703125,36.529998779296875,36.56999969482422,3941200.0,25.435171127319336
2004-08-27,36.790000915527344,36.34000015258789,36.58000183105469,36.59000015258789,3429100.0,25.449073791503906
2004-08-30,36.79999923706055,36.47999954223633,36.54999923706055,36.529998779296875,3540200.0,25.407344818115234
2004-08-31,36.75,36.18000030517578,36.68000030517578,36.560001373291016,5879100.0,25.487520217895508
2004-09-01,36.95000076293945,36.36000061035156,36.54999923706055,36.880001068115234,5789800.0,25.710607528686523
2004-09-02,38.0,36.90999984741211,36.90999984741211,37.88999938964844,10186800.0,26.414718627929688
2004-09-03,37.880001068115234,37.369998931884766,37.7599983215332,37.47999954223633,6655700.0,26.12887954711914
2004-09-07,37.9900016784668,37.5099983215332,37.72999954223633,37.63999938964844,6950800.0,26.240421295166016
2004-09-08,37.63999938964844,37.029998779296875,37.5,37.27000045776367,6507800.0,25.98248863220215
2004-09-09,37.349998474121094,36.689998626708984,37.25,37.0099983215332,5785900.0,25.801219940185547
2004-09-10,37.689998626708984,36.9900016784668,37.0,37.540000915527344,5502800.0,26.17070960998535
2004-09-13,37.790000915527344,37.349998474121094,37.70000076293945,37.43000030517578,5861900.0,26.094030380249023
2004-09-14,38.20000076293945,37.5,37.650001525878906,38.13999938964844,6788100.0,26.589004516601562
2004-09-15,38.54999923706055,37.939998626708984,38.11000061035156,38.38999938964844,9079300.0,26.763286590576172
2004-09-16,39.09000015258789,38.400001525878906,38.400001525878906,38.70000076293945,7300600.0,26.979408264160156
2004-09-17,38.95000076293945,38.279998779296875,38.95000076293945,38.310001373291016,11139500.0,26.707515716552734
2004-09-20,38.59000015258789,38.060001373291016,38.29999923706055,38.459999084472656,4644200.0,26.812088012695312
2004-09-21,39.09000015258789,38.54999923706055,38.72999954223633,38.790000915527344,5712700.0,27.04213523864746
2004-09-22,38.810001373291016,38.130001068115234,38.54999923706055,38.25,6069800.0,26.665685653686523
2004-09-23,38.52000045776367,38.11000061035156,38.25,38.15999984741211,3818000.0,26.602941513061523
2004-09-24,38.810001373291016,38.099998474121094,38.15999984741211,38.43000030517578,5289200.0,26.79116439819336
2004-09-27,38.65999984741211,38.2599983215332,38.400001525878906,38.310001373291016,4492300.0,26.707515716552734
2004-09-28,39.0,37.869998931884766,38.27000045776367,38.83000183105469,7447000.0,27.070032119750977
2004-09-29,39.38999938964844,38.77000045776367,38.77000045776367,39.380001068115234,5908200.0,27.453466415405273
2004-09-30,39.72999954223633,39.060001373291016,39.27000045776367,39.20000076293945,9433100.0,27.327972412109375
2004-10-01,39.650001525878906,39.20000076293945,39.59000015258789,39.25,6472800.0,27.362823486328125
2004-10-04,39.900001525878906,39.2599983215332,39.2599983215332,39.63999938964844,7468200.0,27.63471031188965
2004-10-05,39.68000030517578,39.20000076293945,39.5,39.529998779296875,5888800.0,27.55802345275879
2004-10-06,39.79999923706055,39.36000061035156,39.599998474121094,39.709999084472656,4025000.0,27.683517456054688
2004-10-07,39.95000076293945,39.2599983215332,39.75,39.290000915527344,5069600.0,27.39071273803711
2004-10-08,39.599998474121094,38.709999084472656,39.099998474121094,39.02000045776367,6016000.0,27.20249366760254
2004-10-11,40.209999084472656,39.310001373291016,39.31999969482422,40.06999969482422,8886700.0,27.934484481811523
2004-10-12,40.0,39.130001068115234,39.75,39.849998474121094,5636500.0,27.781110763549805
2004-10-13,40.029998779296875,39.59000015258789,40.0,39.790000915527344,5368700.0,27.739286422729492
2004-10-14,39.869998931884766,39.099998474121094,39.70000076293945,39.310001373291016,3965200.0,27.4046573638916
2004-10-15,39.880001068115234,39.150001525878906,39.5099983215332,39.810001373291016,7371900.0,27.753236770629883
2004-10-18,40.27000045776367,39.63999938964844,39.810001373291016,40.18000030517578,7005600.0,28.011167526245117
2004-10-19,40.459999084472656,39.56999969482422,40.220001220703125,39.7400016784668,5545500.0,27.70442008972168
2004-10-20,39.810001373291016,39.36000061035156,39.7400016784668,39.47999954223633,5560000.0,27.52318000793457
2004-10-21,39.93000030517578,39.400001525878906,39.400001525878906,39.72999954223633,4912000.0,27.69745635986328
2004-10-22,39.939998626708984,39.119998931884766,39.72999954223633,39.16999816894531,4380200.0,27.307050704956055
2004-10-25,38.900001525878906,38.310001373291016,38.900001525878906,38.66999816894531,6264900.0,26.958484649658203
2004-10-26,39.720001220703125,38.58000183105469,38.650001525878906,39.66999816894531,6137100.0,27.65563201904297
2004-10-27,40.849998474121094,39.5,39.5099983215332,40.790000915527344,8385400.0,28.43642807006836
2004-10-28,41.439998626708984,40.54999923706055,40.56999969482422,41.15999984741211,7369600.0,28.694355010986328
2004-10-29,41.5,40.810001373291016,41.06999969482422,41.08000183105469,8337000.0,28.638595581054688
2004-11-01,41.68000030517578,40.959999084472656,41.02000045776367,41.08000183105469,7110800.0,28.638595581054688
2004-11-02,41.560001373291016,40.86000061035156,40.86000061035156,41.13999938964844,5946600.0,28.680419921875
2004-11-03,41.88999938964844,40.79999923706055,41.88999938964844,41.209999084472656,7181700.0,28.72923469543457
2004-11-04,41.9900016784668,41.04999923706055,41.209999084472656,41.939998626708984,6686900.0,29.238134384155273
2004-11-05,42.70000076293945,41.900001525878906,41.939998626708984,42.290000915527344,7846500.0,29.482135772705078
2004-11-08,42.7599983215332,42.099998474121094,42.20000076293945,42.45000076293945,5877800.0,29.593679428100586
2004-11-09,42.54999923706055,41.84000015258789,42.29999923706055,42.060001373291016,4926300.0,29.321792602539062
2004-11-10,42.45000076293945,42.0099983215332,42.189998626708984,42.0099983215332,5292700.0,29.28693962097168
2004-11-11,42.869998931884766,42.099998474121094,42.380001068115234,42.77000045776367,5803900.0,29.81676483154297
2004-11-12,43.25,42.7599983215332,42.84000015258789,43.220001220703125,6469000.0,30.1304874420166
2004-11-15,43.9900016784668,42.869998931884766,43.119998931884766,43.790000915527344,9986300.0,30.527860641479492
2004-11-16,44.29999923706055,42.650001525878906,44.27000045776367,43.0,16544900.0,29.97711944580078
2004-11-17,43.29999923706055,42.18000030517578,42.849998474121094,42.279998779296875,11830900.0,29.475168228149414
2004-11-18,42.88999938964844,42.060001373291016,42.279998779296875,42.810001373291016,9321300.0,29.84466552734375
2004-11-19,42.97999954223633,42.65999984741211,42.970001220703125,42.70000076293945,8913000.0,29.767959594726562
2004-11-22,43.40999984741211,42.54999923706055,42.72999954223633,43.22999954223633,6973200.0,30.137460708618164
2004-11-23,43.56999969482422,43.0,43.220001220703125,43.529998779296875,6060100.0,30.346590042114258
2004-11-24,43.79999923706055,43.31999969482422,43.47999954223633,43.43000030517578,4722400.0,30.276866912841797
2004-11-26,43.689998626708984,43.25,43.2599983215332,43.369998931884766,2106000.0,30.235055923461914
2004-11-29,43.47999954223633,42.599998474121094,43.310001373291016,43.029998779296875,7299300.0,29.998018264770508
2004-11-30,42.900001525878906,41.75,42.5,41.75,9843800.0,29.163293838500977
2004-12-01,42.56999969482422,41.900001525878906,41.95000076293945,42.279998779296875,8646500.0,29.53350257873535
2004-12-02,42.68000030517578,41.4900016784668,42.279998779296875,42.150001525878906,8408100.0,29.44270133972168
2004-12-03,42.27000045776367,41.66999816894531,41.849998474121094,41.790000915527344,6244100.0,29.191226959228516
2004-12-06,42.18000030517578,41.59000015258789,41.59000015258789,42.0,5012800.0,29.33792495727539
2004-12-07,42.369998931884766,41.72999954223633,41.79999923706055,41.77000045776367,6350400.0,29.177265167236328
2004-12-08,42.709999084472656,41.959999084472656,42.0,42.560001373291016,5893900.0,29.729082107543945
2004-12-09,42.9900016784668,42.20000076293945,42.560001373291016,42.88999938964844,5861300.0,29.959609985351562
2004-12-10,43.029998779296875,42.529998779296875,42.95000076293945,42.63999938964844,4620400.0,29.784976959228516
2004-12-13,42.869998931884766,42.220001220703125,42.75,42.7599983215332,4595500.0,29.868799209594727
2004-12-14,42.79999923706055,42.349998474121094,42.70000076293945,42.650001525878906,5186000.0,29.79197883605957
2004-12-15,42.75,42.31999969482422,42.75,42.4900016784668,4959200.0,29.680191040039062
2004-12-16,42.650001525878906,42.060001373291016,42.4900016784668,42.59000015258789,7310000.0,29.750043869018555
2004-12-17,42.650001525878906,41.97999954223633,42.5,42.0099983215332,8841600.0,29.344898223876953
2004-12-20,42.54999923706055,41.709999084472656,42.54999923706055,41.72999954223633,5614900.0,29.14933204650879
2004-12-21,42.15999984741211,41.52000045776367,41.650001525878906,42.11000061035156,5506300.0,29.414756774902344
2004-12-22,42.650001525878906,42.040000915527344,42.20000076293945,42.52000045776367,5144700.0,29.701156616210938
2004-12-23,42.84000015258789,42.45000076293945,42.52000045776367,42.52000045776367,3565700.0,29.701156616210938
2004-12-27,42.869998931884766,42.130001068115234,42.52000045776367,42.22999954223633,4526800.0,29.49859046936035
2004-12-28,43.0,42.33000183105469,42.36000061035156,42.84000015258789,4482100.0,29.924678802490234
2004-12-29,42.95000076293945,42.59000015258789,42.599998474121094,42.79999923706055,4837100.0,29.89674186706543
2004-12-30,43.09000015258789,42.79999923706055,42.939998626708984,42.91999816894531,3358100.0,29.98056411743164
2004-12-31,42.970001220703125,42.68000030517578,42.849998474121094,42.7400016784668,3616200.0,29.85483169555664
2005-01-03,43.220001220703125,42.93000030517578,42.9900016784668,43.099998474121094,7294600.0,30.106294631958008
2005-01-04,43.27000045776367,42.529998779296875,43.2400016784668,42.54999923706055,6899600.0,29.722110748291016
2005-01-05,43.25,42.119998931884766,42.5,42.15999984741211,6868300.0,29.449687957763672
2005-01-06,42.33000183105469,41.18000030517578,42.15999984741211,41.529998779296875,8912200.0,29.009624481201172
2005-01-07,41.65999984741211,41.0099983215332,41.630001068115234,41.41999816894531,7015500.0,28.932781219482422
2005-01-10,42.04999923706055,41.25,41.25,41.79999923706055,6102200.0,29.19821548461914
2005-01-11,41.84000015258789,41.58000183105469,41.58000183105469,41.709999084472656,4569700.0,29.135343551635742
2005-01-12,42.25,41.310001373291016,41.650001525878906,42.20000076293945,6468700.0,29.47762107849121
2005-01-13,42.20000076293945,41.400001525878906,42.04999923706055,41.72999954223633,8269600.0,29.14933204650879
2005-01-14,42.0,41.72999954223633,41.79999923706055,41.900001525878906,4186200.0,29.268085479736328
2005-01-18,42.2400016784668,41.5,41.5099983215332,42.15999984741211,7041700.0,29.449687957763672
2005-01-19,42.220001220703125,41.779998779296875,41.97999954223633,41.79999923706055,4310700.0,29.19821548461914
2005-01-20,41.810001373291016,40.86000061035156,41.810001373291016,41.150001525878906,6664100.0,28.744184494018555
2005-01-21,41.38999938964844,40.86000061035156,41.150001525878906,40.900001525878906,6068200.0,28.569547653198242
2005-01-24,41.11000061035156,40.31999969482422,41.099998474121094,40.38999938964844,6174100.0,28.213306427001953
2005-01-25,40.880001068115234,40.470001220703125,40.4900016784668,40.56999969482422,5137100.0,28.339035034179688
2005-01-26,40.81999969482422,40.52000045776367,40.81999969482422,40.72999954223633,5664000.0,28.450807571411133
2005-01-27,41.060001373291016,40.5099983215332,40.52000045776367,40.65999984741211,5813200.0,28.401901245117188
2005-01-28,40.81999969482422,40.279998779296875,40.75,40.40999984741211,5598400.0,28.227277755737305
2005-01-31,41.34000015258789,40.599998474121094,40.599998474121094,41.2599983215332,6341200.0,28.821014404296875
2005-02-01,41.310001373291016,40.97999954223633,41.20000076293945,41.13999938964844,5558000.0,28.737184524536133
2005-02-02,41.349998474121094,41.02000045776367,41.08000183105469,41.29999923706055,3586000.0,28.848962783813477
2005-02-03,41.619998931884766,41.150001525878906,41.20000076293945,41.56999969482422,4831700.0,29.03755760192871
2005-02-04,42.43000030517578,41.45000076293945,41.45000076293945,42.41999816894531,7180200.0,29.631311416625977
2005-02-07,42.52000045776367,42.2599983215332,42.27000045776367,42.52000045776367,5391700.0,29.701156616210938
2005-02-08,42.599998474121094,42.0099983215332,42.29999923706055,42.04999923706055,5564200.0,29.372852325439453
2005-02-09,42.279998779296875,41.75,42.150001525878906,41.86000061035156,4155100.0,29.24013328552246
2005-02-10,42.45000076293945,41.68000030517578,42.0,42.369998931884766,4434300.0,29.596385955810547
2005-02-11,42.9900016784668,42.0,42.2400016784668,42.810001373291016,6385200.0,29.903730392456055
2005-02-14,42.900001525878906,42.54999923706055,42.779998779296875,42.619998931884766,3449000.0,29.770994186401367
2005-02-15,42.849998474121094,42.380001068115234,42.400001525878906,42.72999954223633,5477900.0,29.84783172607422
2005-02-16,42.72999954223633,42.15999984741211,42.529998779296875,42.369998931884766,5560500.0,29.596385955810547
2005-02-17,42.45000076293945,41.5099983215332,42.2599983215332,41.810001373291016,6916600.0,29.2052001953125
2005-02-18,42.22999954223633,41.7400016784668,41.81999969482422,42.02000045776367,5879400.0,29.35190200805664
2005-02-22,41.45000076293945,40.099998474121094,41.349998474121094,40.279998779296875,14330000.0,28.136455535888672
2005-02-23,40.599998474121094,39.630001068115234,40.400001525878906,39.75,12444500.0,27.766250610351562
2005-02-24,39.779998779296875,38.880001068115234,39.65999984741211,39.619998931884766,15068200.0,27.675432205200195
2005-02-25,40.61000061035156,39.619998931884766,39.7599983215332,40.58000183105469,9844600.0,28.346031188964844
2005-02-28,40.650001525878906,40.02000045776367,40.25,40.02000045776367,8184700.0,27.954858779907227
2005-03-01,40.18000030517578,39.84000015258789,40.04999923706055,40.04999923706055,9299200.0,27.97580337524414
2005-03-02,40.189998626708984,39.779998779296875,39.849998474121094,39.97999954223633,7257100.0,27.926910400390625
2005-03-03,40.150001525878906,39.70000076293945,39.9900016784668,39.720001220703125,6993800.0,27.745290756225586
2005-03-04,40.150001525878906,39.70000076293945,39.95000076293945,40.09000015258789,5639700.0,28.003755569458008
2005-03-07,40.27000045776367,39.790000915527344,40.0099983215332,39.880001068115234,6808200.0,27.857067108154297
2005-03-08,40.13999938964844,39.849998474121094,39.95000076293945,39.970001220703125,5578000.0,27.990108489990234
2005-03-09,39.900001525878906,39.47999954223633,39.84000015258789,39.4900016784668,7951000.0,27.65398597717285
2005-03-10,39.88999938964844,39.40999984741211,39.40999984741211,39.88999938964844,5574900.0,27.93408203125
2005-03-11,40.0,39.36000061035156,39.79999923706055,39.41999816894531,5837300.0,27.604948043823242
2005-03-14,39.66999816894531,38.7599983215332,39.599998474121094,39.470001220703125,8673000.0,27.63996124267578
2005-03-15,39.9900016784668,39.54999923706055,39.650001525878906,39.7599983215332,7213700.0,27.843040466308594
2005-03-16,39.84000015258789,38.65999984741211,39.459999084472656,38.880001068115234,9594200.0,27.226802825927734
2005-03-17,39.0099983215332,38.52000045776367,38.790000915527344,38.90999984741211,6771300.0,27.247814178466797
2005-03-18,39.099998474121094,38.689998626708984,38.91999816894531,38.880001068115234,11023500.0,27.226802825927734
2005-03-21,38.66999816894531,37.5099983215332,38.63999938964844,37.9900016784668,11310900.0,26.60355567932129
2005-03-22,38.380001068115234,37.81999969482422,38.0,37.81999969482422,7509000.0,26.484512329101562
2005-03-23,37.970001220703125,37.439998626708984,37.540000915527344,37.70000076293945,13465500.0,26.40047836303711
2005-03-24,38.33000183105469,37.599998474121094,37.689998626708984,38.029998779296875,7585400.0,26.63157081604004
2005-03-28,38.790000915527344,38.20000076293945,38.29999923706055,38.59000015258789,6300500.0,27.02372932434082
2005-03-29,38.650001525878906,37.65999984741211,38.400001525878906,37.689998626708984,8156400.0,26.393468856811523
2005-03-30,38.41999816894531,37.83000183105469,37.849998474121094,38.150001525878906,6376800.0,26.71561050415039
2005-03-31,38.63999938964844,38.099998474121094,38.18000030517578,38.2400016784668,6665400.0,26.778627395629883
2005-04-01,38.75,36.959999084472656,38.400001525878906,37.599998474121094,12149300.0,26.3304500579834
2005-04-04,38.04999923706055,37.310001373291016,37.54999923706055,37.90999984741211,7878700.0,26.547529220581055
2005-04-05,38.349998474121094,37.470001220703125,37.70000076293945,38.22999954223633,7168400.0,26.771617889404297
2005-04-06,38.310001373291016,37.70000076293945,38.13999938964844,37.790000915527344,5966400.0,26.463491439819336
2005-04-07,37.70000076293945,37.22999954223633,37.61000061035156,37.400001525878906,9925200.0,26.19039535522461
2005-04-08,37.779998779296875,37.29999923706055,37.5099983215332,37.47999954223633,8287200.0,26.246410369873047
2005-04-11,37.9900016784668,37.36000061035156,37.54999923706055,37.7400016784668,6325500.0,26.428497314453125
2005-04-12,38.7400016784668,37.630001068115234,37.83000183105469,38.54999923706055,7174900.0,26.995712280273438
2005-04-13,38.560001373291016,37.77000045776367,38.400001525878906,37.900001525878906,6411800.0,26.540542602539062
2005-04-14,37.77000045776367,37.08000183105469,37.77000045776367,37.150001525878906,9794500.0,26.015317916870117
2005-04-15,36.95000076293945,35.75,36.56999969482422,36.11000061035156,12597700.0,25.28704071044922
2005-04-18,36.83000183105469,36.029998779296875,36.11000061035156,36.72999954223633,8421300.0,25.721210479736328
2005-04-19,36.7400016784668,36.220001220703125,36.70000076293945,36.459999084472656,6016300.0,25.532129287719727
2005-04-20,36.09000015258789,35.279998779296875,36.0099983215332,35.599998474121094,11172100.0,24.929895401000977
2005-04-21,36.66999816894531,35.900001525878906,35.900001525878906,36.66999816894531,8073600.0,25.67919158935547
2005-04-22,36.66999816894531,35.66999816894531,36.66999816894531,36.02000045776367,7728700.0,25.22400665283203
2005-04-25,36.59000015258789,36.0,36.02000045776367,36.20000076293945,6150500.0,25.350059509277344
2005-04-26,36.77000045776367,36.0099983215332,36.060001373291016,36.20000076293945,5496000.0,25.350059509277344
2005-04-27,36.59000015258789,35.880001068115234,36.0099983215332,36.029998779296875,7256500.0,25.23101043701172
2005-04-28,35.86000061035156,34.88999938964844,35.75,35.09000015258789,11298200.0,24.572750091552734
2005-04-29,35.4900016784668,34.560001373291016,35.25,35.369998931884766,10155600.0,24.768829345703125
2005-05-02,36.400001525878906,35.540000915527344,35.66999816894531,36.2599983215332,8223300.0,25.39207649230957
2005-05-03,37.09000015258789,35.68000030517578,35.70000076293945,36.75,9662900.0,25.735214233398438
2005-05-04,37.20000076293945,36.65999984741211,36.81999969482422,37.099998474121094,7092700.0,25.98031234741211
2005-05-05,37.43000030517578,36.65999984741211,36.97999954223633,36.849998474121094,5553100.0,25.80524444580078
2005-05-06,37.47999954223633,37.040000915527344,37.099998474121094,37.15999984741211,7768300.0,26.0223331451416
2005-05-09,37.34000015258789,36.97999954223633,37.0,37.25,5995300.0,26.08534812927246
2005-05-10,36.88999938964844,36.2400016784668,36.68000030517578,36.459999084472656,7924800.0,25.532129287719727
2005-05-11,36.63999938964844,35.849998474121094,36.41999816894531,36.52000045776367,7089800.0,25.57415008544922
2005-05-12,36.95000076293945,36.18000030517578,36.38999938964844,36.22999954223633,6003300.0,25.371070861816406
2005-05-13,36.849998474121094,36.130001068115234,36.43000030517578,36.290000915527344,7355400.0,25.413084030151367
2005-05-16,37.369998931884766,36.43000030517578,36.439998626708984,37.369998931884766,10428200.0,26.169384002685547
2005-05-17,39.36000061035156,38.599998474121094,38.95000076293945,38.86000061035156,17725400.0,27.212800979614258
2005-05-18,39.880001068115234,38.93000030517578,39.099998474121094,39.79999923706055,12155700.0,27.871049880981445
2005-05-19,40.25,39.779998779296875,39.79999923706055,40.13999938964844,7771100.0,28.109149932861328
2005-05-20,40.150001525878906,39.27000045776367,40.150001525878906,39.630001068115234,7891900.0,27.75201416015625
2005-05-23,40.34000015258789,39.93000030517578,39.97999954223633,39.959999084472656,7297200.0,27.983102798461914
2005-05-24,39.97999954223633,39.599998474121094,39.810001373291016,39.849998474121094,6790300.0,27.90607261657715
2005-05-25,39.86000061035156,39.130001068115234,39.630001068115234,39.369998931884766,5611200.0,27.56993865966797
2005-05-26,40.11000061035156,39.47999954223633,39.52000045776367,39.91999816894531,5342200.0,27.95509147644043
2005-05-27,40.040000915527344,39.75,39.79999923706055,39.970001220703125,4346800.0,27.990108489990234
2005-05-31,39.95000076293945,39.33000183105469,39.79999923706055,39.349998474121094,7188900.0,27.555932998657227
2005-06-01,40.04999923706055,39.16999816894531,39.20000076293945,39.939998626708984,6970600.0,27.96910285949707
2005-06-02,40.4900016784668,39.83000183105469,39.90999984741211,40.34000015258789,5728000.0,28.249217987060547
2005-06-03,40.470001220703125,39.650001525878906,40.34000015258789,39.720001220703125,4474500.0,27.815031051635742
2005-06-06,40.02000045776367,39.720001220703125,39.720001220703125,39.95000076293945,3935000.0,27.976102828979492
2005-06-07,40.79999923706055,39.959999084472656,40.08000183105469,40.0,8725200.0,28.081403732299805
2005-06-08,40.41999816894531,39.599998474121094,40.0,39.66999816894531,7032700.0,27.8497314453125
2005-06-09,39.95000076293945,39.45000076293945,39.52000045776367,39.599998474121094,6792400.0,27.800588607788086
2005-06-10,39.720001220703125,38.650001525878906,39.58000183105469,39.5,5273800.0,27.730396270751953
2005-06-13,39.959999084472656,39.27000045776367,39.27000045776367,39.7599983215332,4747200.0,27.91292381286621
2005-06-14,40.189998626708984,39.599998474121094,39.61000061035156,40.029998779296875,5474500.0,28.10247230529785
2005-06-15,40.380001068115234,39.52000045776367,40.31999969482422,40.029998779296875,6016400.0,28.10247230529785
2005-06-16,40.349998474121094,39.79999923706055,39.90999984741211,40.20000076293945,5554700.0,28.221820831298828
2005-06-17,40.93000030517578,39.72999954223633,40.54999923706055,40.20000076293945,11352600.0,28.221820831298828
2005-06-20,40.11000061035156,39.61000061035156,40.0,39.95000076293945,4614300.0,28.046302795410156
2005-06-21,40.31999969482422,39.560001373291016,39.849998474121094,39.68000030517578,4172600.0,27.856754302978516
2005-06-22,39.9900016784668,39.54999923706055,39.970001220703125,39.70000076293945,4490500.0,27.87079429626465
2005-06-23,40.02000045776367,39.099998474121094,39.7400016784668,39.13999938964844,8723600.0,27.47765350341797
2005-06-24,39.060001373291016,38.150001525878906,39.0,38.2400016784668,13323400.0,26.845821380615234
2005-06-27,38.779998779296875,38.349998474121094,38.349998474121094,38.470001220703125,5528000.0,27.007301330566406
2005-06-28,39.33000183105469,38.560001373291016,38.70000076293945,39.310001373291016,4777700.0,27.597003936767578
2005-06-29,39.369998931884766,38.75,39.25,38.79999923706055,4861100.0,27.23897361755371
2005-06-30,40.0099983215332,38.84000015258789,39.900001525878906,38.900001525878906,7645900.0,27.30917739868164
2005-07-01,39.4900016784668,39.08000183105469,39.18000030517578,39.4900016784668,8116900.0,27.723377227783203
2005-07-05,40.209999084472656,39.40999984741211,39.56999969482422,40.08000183105469,8604100.0,28.137575149536133
2005-07-06,40.130001068115234,38.9900016784668,40.040000915527344,39.27000045776367,6355500.0,27.568918228149414
2005-07-07,39.7400016784668,38.61000061035156,38.9900016784668,39.36000061035156,6532900.0,27.632110595703125
2005-07-08,40.16999816894531,39.400001525878906,39.5,40.08000183105469,6062100.0,28.137575149536133
2005-07-11,40.47999954223633,39.75,39.79999923706055,40.29999923706055,5353900.0,28.292015075683594
2005-07-12,41.5,40.5099983215332,40.54999923706055,41.29999923706055,12055000.0,28.994056701660156
2005-07-13,41.58000183105469,40.90999984741211,41.209999084472656,40.97999954223633,7801200.0,28.769399642944336
2005-07-14,41.650001525878906,40.970001220703125,40.970001220703125,41.040000915527344,6442000.0,28.811521530151367
2005-07-15,42.0,41.0099983215332,41.029998779296875,41.61000061035156,7591100.0,29.211687088012695
2005-07-18,42.5,41.459999084472656,41.459999084472656,42.45000076293945,8828000.0,29.801389694213867
2005-07-19,43.25,42.45000076293945,42.5,43.20000076293945,10756300.0,30.32792854309082
2005-07-20,43.97999954223633,43.04999923706055,43.209999084472656,43.95000076293945,10919500.0,30.854454040527344
2005-07-21,43.93000030517578,43.040000915527344,43.70000076293945,43.349998474121094,9706500.0,30.43323516845703
2005-07-22,43.560001373291016,42.779998779296875,43.220001220703125,43.470001220703125,5249800.0,30.51748275756836
2005-07-25,43.7599983215332,43.0,43.33000183105469,43.060001373291016,5009400.0,30.229646682739258
2005-07-26,43.900001525878906,43.060001373291016,43.08000183105469,43.689998626708984,7092300.0,30.67192268371582
2005-07-27,43.77000045776367,43.02000045776367,43.77000045776367,43.349998474121094,5181800.0,30.43323516845703
2005-07-28,43.900001525878906,43.2599983215332,43.2599983215332,43.869998931884766,5530400.0,30.798280715942383
2005-07-29,43.900001525878906,43.25,43.779998779296875,43.5099983215332,5782400.0,30.545547485351562
2005-08-01,43.38999938964844,42.380001068115234,43.209999084472656,42.86000061035156,7171500.0,30.0892276763916
2005-08-02,42.79999923706055,42.27000045776367,42.72999954223633,42.40999984741211,7466400.0,29.773313522338867
2005-08-03,42.439998626708984,41.939998626708984,42.099998474121094,42.22999954223633,6690600.0,29.646944046020508
2005-08-04,42.0,41.099998474121094,41.5,41.279998779296875,9947700.0,28.980018615722656
2005-08-05,41.36000061035156,40.70000076293945,41.220001220703125,40.95000076293945,6879800.0,28.748350143432617
2005-08-08,41.09000015258789,40.33000183105469,41.04999923706055,40.59000015258789,6408200.0,28.495603561401367
2005-08-09,41.529998779296875,40.83000183105469,40.939998626708984,41.36000061035156,6648600.0,29.036182403564453
2005-08-10,42.52000045776367,41.5099983215332,41.70000076293945,41.65999984741211,8320600.0,29.24679183959961
2005-08-11,42.060001373291016,41.0099983215332,41.630001068115234,41.5,6887100.0,29.13445472717285
2005-08-12,41.439998626708984,40.75,41.20000076293945,41.279998779296875,5832900.0,28.980018615722656
2005-08-15,42.2599983215332,41.119998931884766,42.0,41.61000061035156,8448800.0,29.211687088012695
2005-08-16,41.349998474121094,40.5,41.349998474121094,40.66999816894531,11346500.0,28.551767349243164
2005-08-17,40.97999954223633,40.34000015258789,40.52000045776367,40.619998931884766,8325900.0,28.51665687561035
2005-08-18,40.900001525878906,40.099998474121094,40.369998931884766,40.70000076293945,8504100.0,28.572837829589844
2005-08-19,40.9900016784668,40.33000183105469,40.72999954223633,40.369998931884766,7647700.0,28.341156005859375
2005-08-22,40.95000076293945,40.150001525878906,40.4900016784668,40.529998779296875,7165800.0,28.45348358154297
2005-08-23,40.72999954223633,40.22999954223633,40.72999954223633,40.63999938964844,6296000.0,28.530719757080078
2005-08-24,40.900001525878906,39.900001525878906,40.45000076293945,39.900001525878906,7920500.0,28.011201858520508
2005-08-25,40.2599983215332,39.7599983215332,39.849998474121094,40.18000030517578,7926500.0,28.207782745361328
2005-08-26,40.20000076293945,39.54999923706055,40.04999923706055,39.810001373291016,6208700.0,27.94801902770996
2005-08-29,41.029998779296875,39.849998474121094,39.849998474121094,40.540000915527344,11979500.0,28.46051025390625
2005-08-30,40.650001525878906,39.13999938964844,40.349998474121094,39.75,13065400.0,27.974899291992188
2005-08-31,40.5,39.52000045776367,40.099998474121094,40.31999969482422,11258800.0,28.376056671142578
2005-09-01,40.9900016784668,40.150001525878906,40.70000076293945,40.61000061035156,11009100.0,28.580141067504883
2005-09-02,40.90999984741211,40.150001525878906,40.900001525878906,40.33000183105469,7324800.0,28.383092880249023
2005-09-06,41.81999969482422,40.70000076293945,40.70000076293945,41.709999084472656,10523000.0,29.35429573059082
2005-09-07,42.040000915527344,41.540000915527344,41.79999923706055,41.93000030517578,10186400.0,29.50912857055664
2005-09-08,41.79999923706055,41.06999969482422,41.79999923706055,41.18000030517578,8893900.0,28.98129653930664
2005-09-09,41.400001525878906,41.0,41.189998626708984,41.220001220703125,6108400.0,29.009445190429688
2005-09-12,41.36000061035156,40.79999923706055,41.209999084472656,41.33000183105469,5892400.0,29.086864471435547
2005-09-13,41.08000183105469,40.5099983215332,40.849998474121094,40.599998474121094,9501200.0,28.573101043701172
2005-09-14,41.0,40.20000076293945,40.7599983215332,40.34000015258789,6779200.0,28.390132904052734
2005-09-15,40.61000061035156,39.93000030517578,40.59000015258789,40.34000015258789,6481600.0,28.390132904052734
2005-09-16,40.75,39.81999969482422,40.75,39.900001525878906,14306000.0,28.080467224121094
2005-09-19,39.95000076293945,39.16999816894531,39.939998626708984,39.529998779296875,7714700.0,27.820068359375
2005-09-20,39.65999984741211,38.56999969482422,39.52000045776367,38.709999084472656,8016100.0,27.24298858642578
2005-09-21,39.04999923706055,38.040000915527344,38.400001525878906,38.349998474121094,11245900.0,26.989622116088867
2005-09-22,38.91999816894531,38.0,38.439998626708984,38.75,15575600.0,27.27112579345703
2005-09-23,39.0099983215332,38.150001525878906,38.81999969482422,38.529998779296875,13810300.0,27.116302490234375
2005-09-26,38.970001220703125,38.099998474121094,38.88999938964844,38.40999984741211,10384600.0,27.0318546295166
2005-09-27,38.61000061035156,38.11000061035156,38.54999923706055,38.38999938964844,8057800.0,27.017772674560547
2005-09-28,38.45000076293945,37.4900016784668,38.29999923706055,37.849998474121094,13690600.0,26.637731552124023
2005-09-29,38.2400016784668,37.13999938964844,37.70000076293945,38.060001373291016,9330700.0,26.78553009033203
2005-09-30,38.36000061035156,37.77000045776367,38.060001373291016,38.13999938964844,7024700.0,26.841829299926758
2005-10-03,38.43000030517578,38.04999923706055,38.150001525878906,38.119998931884766,7330200.0,26.827743530273438
2005-10-04,38.75,38.18000030517578,38.2400016784668,38.2400016784668,8222300.0,26.912202835083008
2005-10-05,38.25,37.630001068115234,38.20000076293945,37.68000030517578,7894900.0,26.51809310913086
2005-10-06,38.45000076293945,37.47999954223633,37.810001373291016,37.91999816894531,11939900.0,26.687000274658203
2005-10-07,38.38999938964844,37.68000030517578,38.150001525878906,37.79999923706055,6964300.0,26.602548599243164
2005-10-10,38.619998931884766,37.95000076293945,38.099998474121094,38.02000045776367,8386100.0,26.757375717163086
2005-10-11,38.400001525878906,38.0099983215332,38.02000045776367,38.22999954223633,8306200.0,26.905168533325195
2005-10-12,38.380001068115234,37.58000183105469,38.25,38.119998931884766,8938900.0,26.827743530273438
2005-10-13,38.20000076293945,37.70000076293945,37.869998931884766,37.95000076293945,7965600.0,26.708120346069336
2005-10-14,38.90999984741211,37.93000030517578,38.90999984741211,38.40999984741211,7870500.0,27.0318546295166
2005-10-17,38.54999923706055,38.0,38.5,38.459999084472656,5450900.0,27.067041397094727
2005-10-18,38.34000015258789,37.970001220703125,38.29999923706055,38.15999984741211,7092000.0,26.855911254882812
2005-10-19,39.5,37.54999923706055,38.0,39.2599983215332,23767700.0,27.630050659179688
2005-10-20,40.25,39.5,39.7599983215332,39.56999969482422,14543400.0,27.84821891784668
2005-10-21,40.0,39.59000015258789,39.79999923706055,39.650001525878906,10900900.0,27.904521942138672
2005-10-24,40.65999984741211,39.650001525878906,40.0,40.65999984741211,10548300.0,28.615337371826172
2005-10-25,40.65999984741211,39.86000061035156,40.599998474121094,40.119998931884766,11884800.0,28.235305786132812
2005-10-26,40.59000015258789,39.83000183105469,39.95000076293945,40.2599983215332,13506600.0,28.333826065063477
2005-10-27,40.16999816894531,39.209999084472656,40.04999923706055,39.38999938964844,8507500.0,27.72153663635254
2005-10-28,40.58000183105469,39.619998931884766,39.75,40.52000045776367,9281600.0,28.516820907592773
2005-10-31,41.470001220703125,40.54999923706055,40.599998474121094,41.040000915527344,12744700.0,28.88276481628418
2005-11-01,41.18000030517578,40.7400016784668,41.0,40.97999954223633,11443400.0,28.84054183959961
2005-11-02,41.459999084472656,40.849998474121094,40.880001068115234,41.2599983215332,11835600.0,29.03760528564453
2005-11-03,41.439998626708984,40.349998474121094,41.34000015258789,40.790000915527344,14353300.0,28.706844329833984
2005-11-04,41.439998626708984,40.59000015258789,40.93000030517578,41.36000061035156,6370400.0,29.107982635498047
2005-11-07,41.56999969482422,41.13999938964844,41.34000015258789,41.5,7188600.0,29.206499099731445
2005-11-08,41.20000076293945,40.45000076293945,41.20000076293945,40.56999969482422,9728500.0,28.552003860473633
2005-11-09,41.08000183105469,40.689998626708984,40.689998626708984,40.810001373291016,10352300.0,28.720890045166016
2005-11-10,41.939998626708984,40.79999923706055,40.91999816894531,41.7400016784668,8757400.0,29.375417709350586
2005-11-11,42.0,41.20000076293945,41.20000076293945,41.90999984741211,7537600.0,29.49504852294922
2005-11-14,43.20000076293945,42.380001068115234,42.400001525878906,42.56999969482422,12409700.0,29.959537506103516
2005-11-15,43.27000045776367,42.15999984741211,43.209999084472656,42.400001525878906,14159500.0,29.83991241455078
2005-11-16,42.47999954223633,41.5099983215332,42.400001525878906,42.22999954223633,10368300.0,29.72025489807129
2005-11-17,42.59000015258789,42.0099983215332,42.400001525878906,42.5099983215332,6763500.0,29.917306900024414
2005-11-18,43.220001220703125,42.2400016784668,43.20000076293945,42.439998626708984,7892400.0,29.86803436279297
2005-11-21,42.400001525878906,41.88999938964844,42.119998931884766,42.279998779296875,6505200.0,29.755449295043945
2005-11-22,42.43000030517578,41.900001525878906,42.04999923706055,42.380001068115234,7796100.0,29.82581329345703
2005-11-23,42.81999969482422,42.2400016784668,42.29999923706055,42.5,6192400.0,29.9102783203125
2005-11-25,43.0,42.33000183105469,42.58000183105469,42.41999816894531,2216100.0,29.853981018066406
2005-11-28,42.439998626708984,41.599998474121094,42.43000030517578,41.650001525878906,11974800.0,29.31207847595215
2005-11-29,42.27000045776367,41.689998626708984,41.77000045776367,42.0,7815300.0,29.629526138305664
2005-11-30,42.18000030517578,41.709999084472656,42.0,41.779998779296875,7001300.0,29.474328994750977
2005-12-01,42.04999923706055,41.09000015258789,41.84000015258789,41.540000915527344,7757900.0,29.30501365661621
2005-12-02,41.900001525878906,41.349998474121094,41.349998474121094,41.66999816894531,5565900.0,29.3967227935791
2005-12-05,41.599998474121094,41.060001373291016,41.400001525878906,41.38999938964844,6490400.0,29.199182510375977
2005-12-06,41.75,41.220001220703125,41.5,41.40999984741211,6645000.0,29.21331214904785
2005-12-07,41.72999954223633,41.220001220703125,41.349998474121094,41.52000045776367,5880400.0,29.290912628173828
2005-12-08,41.650001525878906,41.060001373291016,41.470001220703125,41.220001220703125,6492600.0,29.07926368713379
2005-12-09,41.40999984741211,40.91999816894531,41.29999923706055,41.02000045776367,5963000.0,28.93817138671875
2005-12-12,41.52000045776367,41.11000061035156,41.150001525878906,41.31999969482422,4643300.0,29.149816513061523
2005-12-13,42.31999969482422,41.029998779296875,41.150001525878906,42.27000045776367,9021100.0,29.820011138916016
2005-12-14,42.790000915527344,42.20000076293945,42.27000045776367,42.47999954223633,7486500.0,29.96816062927246
2005-12-15,42.790000915527344,42.040000915527344,42.47999954223633,42.58000183105469,5405500.0,30.0387020111084
2005-12-16,42.779998779296875,42.400001525878906,42.77000045776367,42.5,8577900.0,29.982261657714844
2005-12-19,42.45000076293945,41.599998474121094,42.29999923706055,41.81999969482422,5646100.0,29.502546310424805
2005-12-20,41.81999969482422,41.25,41.81999969482422,41.45000076293945,5798200.0,29.241512298583984
2005-12-21,41.970001220703125,41.47999954223633,41.7400016784668,41.54999923706055,4887100.0,29.312068939208984
2005-12-22,41.560001373291016,41.22999954223633,41.5,41.43000030517578,4550300.0,29.227413177490234
2005-12-23,41.7599983215332,41.13999938964844,41.43000030517578,41.59000015258789,3910000.0,29.340295791625977
2005-12-27,41.959999084472656,41.02000045776367,41.70000076293945,41.02000045776367,4424300.0,28.93817138671875
2005-12-28,41.349998474121094,40.91999816894531,41.20000076293945,41.09000015258789,4379100.0,28.987558364868164
2005-12-29,41.20000076293945,40.66999816894531,41.16999816894531,40.7400016784668,4537800.0,28.74063491821289
2005-12-30,40.970001220703125,40.41999816894531,40.650001525878906,40.47999954223633,5154000.0,28.55722427368164
2006-01-03,41.45000076293945,39.77000045776367,40.38999938964844,41.2400016784668,8959200.0,29.093381881713867
2006-01-04,41.040000915527344,40.22999954223633,40.939998626708984,40.47999954223633,9449800.0,28.55722427368164
2006-01-05,40.36000061035156,39.810001373291016,40.099998474121094,40.08000183105469,9492400.0,28.275039672851562
2006-01-06,40.5099983215332,40.09000015258789,40.25,40.380001068115234,9170200.0,28.48668098449707
2006-01-09,41.099998474121094,40.25,40.79999923706055,40.81999969482422,8242300.0,28.797086715698242
2006-01-10,42.4900016784668,41.02000045776367,41.040000915527344,41.79999923706055,15087800.0,29.488435745239258
2006-01-11,43.20000076293945,41.90999984741211,42.0,42.95000076293945,12113400.0,30.299718856811523
2006-01-12,42.95000076293945,42.4900016784668,42.70000076293945,42.54999923706055,8515200.0,30.017532348632812
2006-01-13,42.59000015258789,41.47999954223633,41.90999984741211,41.90999984741211,8372500.0,29.566036224365234
2006-01-17,41.880001068115234,41.36000061035156,41.5,41.56999969482422,6372700.0,29.32618522644043
2006-01-18,42.11000061035156,41.380001068115234,41.56999969482422,41.900001525878906,7066400.0,29.558984756469727
2006-01-19,41.9900016784668,41.130001068115234,41.29999923706055,41.279998779296875,12264400.0,29.12159538269043
2006-01-20,41.27000045776367,40.119998931884766,41.15999984741211,40.16999816894531,15030200.0,28.338518142700195
2006-01-23,40.58000183105469,39.650001525878906,40.400001525878906,39.689998626708984,9305100.0,27.999897003173828
2006-01-24,40.45000076293945,39.720001220703125,39.9900016784668,40.45000076293945,10890900.0,28.53606414794922
2006-01-25,40.65999984741211,39.790000915527344,40.41999816894531,39.97999954223633,8095800.0,28.204490661621094
2006-01-26,40.560001373291016,40.040000915527344,40.099998474121094,40.400001525878906,7279800.0,28.500795364379883
2006-01-27,40.650001525878906,39.77000045776367,40.220001220703125,40.0,8192700.0,28.218597412109375
2006-01-30,40.290000915527344,39.720001220703125,39.720001220703125,40.0,5657800.0,28.218597412109375
2006-01-31,40.86000061035156,39.81999969482422,40.0,40.54999923706055,10809700.0,28.60660743713379
2006-02-01,40.58000183105469,39.90999984741211,40.45000076293945,40.22999954223633,6937400.0,28.380847930908203
2006-02-02,40.2400016784668,39.810001373291016,39.959999084472656,39.959999084472656,7343300.0,28.19037628173828
2006-02-03,39.959999084472656,39.400001525878906,39.849998474121094,39.81999969482422,7560400.0,28.091615676879883
2006-02-06,40.02000045776367,39.279998779296875,39.77000045776367,39.4900016784668,7603800.0,27.85881996154785
2006-02-07,39.439998626708984,38.5,39.34000015258789,38.72999954223633,11150100.0,27.322654724121094
2006-02-08,39.36000061035156,38.86000061035156,39.0,39.27000045776367,7242700.0,27.703603744506836
2006-02-09,39.5,38.95000076293945,39.220001220703125,39.04999923706055,6989600.0,27.548402786254883
2006-02-10,39.31999969482422,38.70000076293945,38.95000076293945,39.220001220703125,6237300.0,27.668331146240234
2006-02-13,39.93000030517578,39.02000045776367,39.02000045776367,39.70000076293945,6469100.0,28.006959915161133
2006-02-14,41.209999084472656,39.83000183105469,39.95000076293945,41.130001068115234,12911900.0,29.015771865844727
2006-02-15,41.77000045776367,40.79999923706055,41.099998474121094,41.529998779296875,10143400.0,29.29796600341797
2006-02-16,41.95000076293945,41.34000015258789,41.61000061035156,41.86000061035156,7780200.0,29.5307674407959
2006-02-17,41.93000030517578,41.36000061035156,41.849998474121094,41.86000061035156,8572700.0,29.5307674407959
2006-02-21,43.0,41.709999084472656,43.0,41.869998931884766,15235900.0,29.53782844543457
2006-02-22,42.20000076293945,41.150001525878906,42.130001068115234,41.880001068115234,10013900.0,29.544878005981445
2006-02-23,42.369998931884766,41.459999084472656,41.939998626708984,41.58000183105469,8311300.0,29.333232879638672
2006-02-24,41.869998931884766,41.060001373291016,41.79999923706055,41.630001068115234,7274700.0,29.368511199951172
2006-02-27,42.720001220703125,41.75,41.81999969482422,42.45000076293945,9702400.0,29.946983337402344
2006-02-28,42.41999816894531,41.70000076293945,42.18000030517578,42.150001525878906,12243100.0,29.735347747802734
2006-03-01,42.689998626708984,41.5,42.150001525878906,42.59000015258789,9634900.0,30.04574966430664
2006-03-02,42.4900016784668,41.79999923706055,42.18000030517578,42.290000915527344,11570100.0,29.834110260009766
2006-03-03,42.79999923706055,41.90999984741211,42.0,42.20000076293945,6157100.0,29.770620346069336
2006-03-06,42.18000030517578,41.540000915527344,42.15999984741211,41.79999923706055,8198200.0,29.488435745239258
2006-03-07,41.65999984741211,41.2599983215332,41.650001525878906,41.369998931884766,5710600.0,29.29020118713379
2006-03-08,41.290000915527344,40.900001525878906,41.099998474121094,41.15999984741211,8533800.0,29.141515731811523
2006-03-09,41.20000076293945,40.279998779296875,41.06999969482422,40.63999938964844,9795500.0,28.77335548400879
2006-03-10,41.33000183105469,40.630001068115234,40.63999938964844,41.25,6776000.0,29.205230712890625
2006-03-13,41.529998779296875,40.849998474121094,41.08000183105469,41.25,5190900.0,29.205230712890625
2006-03-14,42.380001068115234,41.11000061035156,41.11000061035156,42.13999938964844,9242200.0,29.835351943969727
2006-03-15,42.349998474121094,41.7599983215332,42.02000045776367,42.2599983215332,6063400.0,29.920320510864258
2006-03-16,42.869998931884766,42.310001373291016,42.470001220703125,42.75,8699300.0,30.26724624633789
2006-03-17,43.0099983215332,42.70000076293945,42.970001220703125,42.900001525878906,13093100.0,30.373443603515625
2006-03-20,42.9900016784668,42.70000076293945,42.720001220703125,42.849998474121094,7354600.0,30.338037490844727
2006-03-21,43.16999816894531,42.709999084472656,42.84000015258789,43.0,10821900.0,30.444244384765625
2006-03-22,43.45000076293945,42.77000045776367,42.77000045776367,43.369998931884766,9505900.0,30.706205368041992
2006-03-23,43.95000076293945,43.2400016784668,43.25,43.810001373291016,10267800.0,31.017742156982422
2006-03-24,43.849998474121094,42.79999923706055,43.720001220703125,43.119998931884766,7884800.0,30.529203414916992
2006-03-27,43.13999938964844,42.75,42.95000076293945,42.9900016784668,6646600.0,30.437166213989258
2006-03-28,43.54999923706055,42.81999969482422,42.900001525878906,42.9900016784668,7215400.0,30.437166213989258
2006-03-29,43.349998474121094,42.72999954223633,43.04999923706055,42.90999984741211,7367300.0,30.38051986694336
2006-03-30,43.029998779296875,42.25,42.810001373291016,42.380001068115234,7492200.0,30.005277633666992
2006-03-31,42.939998626708984,42.220001220703125,42.599998474121094,42.29999923706055,9198200.0,29.948644638061523
2006-04-03,42.650001525878906,42.189998626708984,42.380001068115234,42.380001068115234,6977700.0,30.005277633666992
2006-04-04,42.70000076293945,42.060001373291016,42.29999923706055,42.54999923706055,6306000.0,30.12564468383789
2006-04-05,42.93000030517578,42.56999969482422,42.689998626708984,42.650001525878906,6680000.0,30.196449279785156
2006-04-06,42.630001068115234,42.060001373291016,42.599998474121094,42.13999938964844,7130000.0,29.835351943969727
2006-04-07,42.630001068115234,41.84000015258789,42.38999938964844,42.099998474121094,8844700.0,29.807031631469727
2006-04-10,42.209999084472656,41.54999923706055,42.08000183105469,41.79999923706055,6960400.0,29.594642639160156
2006-04-11,42.09000015258789,41.279998779296875,41.900001525878906,41.43000030517578,7065300.0,29.332677841186523
2006-04-12,41.400001525878906,40.79999923706055,41.33000183105469,40.9900016784668,7047400.0,29.021150588989258
2006-04-13,41.380001068115234,40.619998931884766,40.900001525878906,41.119998931884766,5386000.0,29.11319351196289
2006-04-17,41.15999984741211,40.11000061035156,41.029998779296875,40.380001068115234,6777600.0,28.589277267456055
2006-04-18,41.439998626708984,40.2400016784668,40.40999984741211,41.31999969482422,9382700.0,29.25479507446289
2006-04-19,41.45000076293945,40.70000076293945,41.20000076293945,40.7400016784668,6692800.0,28.844144821166992
2006-04-20,41.18000030517578,40.369998931884766,40.849998474121094,40.810001373291016,5348100.0,28.893699645996094
2006-04-21,41.13999938964844,40.0,41.099998474121094,40.279998779296875,9110200.0,28.518463134765625
2006-04-24,40.470001220703125,39.95000076293945,40.470001220703125,40.08000183105469,6571700.0,28.37686538696289
2006-04-25,40.34000015258789,39.5,40.08000183105469,39.959999084472656,10603000.0,28.291902542114258
2006-04-26,40.5099983215332,39.970001220703125,40.18000030517578,40.06999969482422,7964900.0,28.369781494140625
2006-04-27,40.65999984741211,39.77000045776367,39.77000045776367,40.220001220703125,8777700.0,28.47598648071289
2006-04-28,40.43000030517578,39.93000030517578,40.25,39.93000030517578,9010100.0,28.27066421508789
2006-05-01,40.779998779296875,40.09000015258789,40.150001525878906,40.540000915527344,10232800.0,28.702550888061523
2006-05-02,40.95000076293945,40.130001068115234,40.900001525878906,40.20000076293945,8125600.0,28.461830139160156
2006-05-03,40.58000183105469,40.04999923706055,40.20000076293945,40.369998931884766,6072600.0,28.582185745239258
2006-05-04,40.5,40.09000015258789,40.41999816894531,40.2599983215332,9261500.0,28.504302978515625
2006-05-05,41.47999954223633,40.470001220703125,40.65999984741211,41.290000915527344,11264000.0,29.23355484008789
2006-05-08,41.45000076293945,40.880001068115234,41.150001525878906,41.0099983215332,7029300.0,29.035306930541992
2006-05-09,41.61000061035156,41.029998779296875,41.099998474121094,41.36000061035156,8358200.0,29.283119201660156
2006-05-10,41.36000061035156,40.849998474121094,41.29999923706055,41.209999084472656,7472100.0,29.176912307739258
2006-05-11,41.29999923706055,40.54999923706055,41.04999923706055,40.720001220703125,9089700.0,28.829988479614258
2006-05-12,40.619998931884766,39.65999984741211,40.529998779296875,40.0,11666600.0,28.320220947265625
2006-05-15,40.5,39.75,39.95000076293945,40.5,9653300.0,28.674226760864258
2006-05-16,39.599998474121094,38.18000030517578,39.599998474121094,38.45000076293945,30901200.0,27.222820281982422
2006-05-17,38.349998474121094,37.29999923706055,38.27000045776367,38.0099983215332,29136400.0,26.911293029785156
2006-05-18,39.09000015258789,38.22999954223633,38.5,38.40999984741211,16002800.0,27.194499969482422
2006-05-19,39.119998931884766,38.529998779296875,38.59000015258789,38.939998626708984,11992600.0,27.569726943969727
2006-05-22,38.68000030517578,38.060001373291016,38.5,38.4900016784668,10881400.0,27.251140594482422
2006-05-23,38.70000076293945,37.75,38.56999969482422,37.84000015258789,10796100.0,26.790935516357422
2006-05-24,38.18000030517578,37.58000183105469,37.79999923706055,38.0099983215332,14849400.0,26.911293029785156
2006-05-25,38.400001525878906,37.93000030517578,38.36000061035156,38.400001525878906,9405700.0,27.18741798400879
2006-05-26,39.09000015258789,38.5,38.5,38.66999816894531,9235100.0,27.378583908081055
2006-05-30,38.349998474121094,37.70000076293945,38.2599983215332,37.70000076293945,11519200.0,26.691814422607422
2006-05-31,38.13999938964844,37.61000061035156,37.77000045776367,38.119998931884766,12052000.0,26.98916244506836
2006-06-01,38.61000061035156,37.900001525878906,37.95000076293945,38.54999923706055,11641400.0,27.29361915588379
2006-06-02,38.75,37.79999923706055,38.40999984741211,38.0,12508100.0,26.904212951660156
2006-06-05,38.099998474121094,37.439998626708984,37.75,37.459999084472656,11632400.0,26.521888732910156
2006-06-06,37.63999938964844,36.599998474121094,37.56999969482422,37.060001373291016,17697300.0,26.344173431396484
2006-06-07,37.380001068115234,36.650001525878906,36.95000076293945,36.709999084472656,11670600.0,26.095388412475586
2006-06-08,37.400001525878906,36.529998779296875,36.56999969482422,37.25,13226800.0,26.479236602783203
2006-06-09,37.38999938964844,36.7599983215332,37.099998474121094,36.95000076293945,10768700.0,26.265987396240234
2006-06-12,36.959999084472656,36.20000076293945,36.900001525878906,36.2599983215332,11108500.0,25.77549171447754
2006-06-13,36.900001525878906,36.040000915527344,36.099998474121094,36.290000915527344,12581800.0,25.79682159423828
2006-06-14,36.810001373291016,36.119998931884766,36.130001068115234,36.75,11091600.0,26.123815536499023
2006-06-15,37.5,36.68000030517578,37.029998779296875,37.369998931884766,20366900.0,26.56454086303711
2006-06-16,37.68000030517578,36.86000061035156,37.29999923706055,36.90999984741211,15064900.0,26.237550735473633
2006-06-19,37.22999954223633,36.779998779296875,36.90999984741211,36.86000061035156,9870000.0,26.20200538635254
2006-06-20,36.79999923706055,36.2400016784668,36.709999084472656,36.41999816894531,13114000.0,25.88922691345215
2006-06-21,36.869998931884766,36.31999969482422,36.31999969482422,36.65999984741211,8614100.0,26.05984115600586
2006-06-22,36.95000076293945,36.36000061035156,36.939998626708984,36.47999954223633,10054400.0,25.931880950927734
2006-06-23,38.79999923706055,36.33000183105469,36.349998474121094,36.40999984741211,8122000.0,25.882131576538086
2006-06-26,36.79999923706055,36.25,36.2599983215332,36.63999938964844,7495100.0,26.045625686645508
2006-06-27,36.709999084472656,36.29999923706055,36.54999923706055,36.369998931884766,10033000.0,25.853696823120117
2006-06-28,36.45000076293945,36.0,36.27000045776367,36.15999984741211,26954100.0,25.70441436767578
2006-06-29,36.560001373291016,35.849998474121094,36.20000076293945,36.459999084472656,20206500.0,25.917667388916016
2006-06-30,36.5,35.630001068115234,36.459999084472656,35.790000915527344,24057400.0,25.44139289855957
2006-07-03,35.97999954223633,35.70000076293945,35.86000061035156,35.77000045776367,7944800.0,25.42718505859375
2006-07-05,35.779998779296875,35.38999938964844,35.779998779296875,35.529998779296875,14000400.0,25.256576538085938
2006-07-06,35.72999954223633,35.400001525878906,35.45000076293945,35.470001220703125,10733200.0,25.21392822265625
2006-07-07,35.70000076293945,35.279998779296875,35.5099983215332,35.369998931884766,14575700.0,25.142837524414062
2006-07-10,35.56999969482422,34.86000061035156,35.400001525878906,35.0,12949100.0,24.879823684692383
2006-07-11,34.93000030517578,33.88999938964844,34.900001525878906,34.380001068115234,21508600.0,24.4390869140625
2006-07-12,34.439998626708984,33.56999969482422,34.2599983215332,33.61000061035156,25645000.0,23.891738891601562
2006-07-13,34.08000183105469,33.25,33.5,34.06999969482422,20904600.0,24.21872901916504
2006-07-14,34.369998931884766,33.619998931884766,33.959999084472656,33.84000015258789,16324500.0,24.055234909057617
2006-07-17,34.470001220703125,33.400001525878906,33.93000030517578,33.599998474121094,14148200.0,23.884632110595703
2006-07-18,33.56999969482422,32.849998474121094,33.45000076293945,33.130001068115234,24942100.0,23.550525665283203
2006-07-19,34.4900016784668,33.060001373291016,33.16999816894531,34.349998474121094,19621300.0,24.417768478393555
2006-07-20,35.150001525878906,33.959999084472656,34.52000045776367,33.97999954223633,17558600.0,24.154747009277344
2006-07-21,34.060001373291016,33.41999816894531,34.060001373291016,33.849998474121094,14074700.0,24.062339782714844
2006-07-24,34.83000183105469,34.04999923706055,34.13999938964844,34.61000061035156,9545700.0,24.602588653564453
2006-07-25,35.34000015258789,34.31999969482422,34.439998626708984,35.2400016784668,10972700.0,25.050426483154297
2006-07-26,35.0,34.5099983215332,35.0,34.70000076293945,9331200.0,24.666574478149414
2006-07-27,34.880001068115234,33.88999938964844,34.66999816894531,34.02000045776367,11595900.0,24.183181762695312
2006-07-28,35.0,34.290000915527344,34.34000015258789,34.59000015258789,9571300.0,24.588376998901367
2006-07-31,34.79999923706055,34.349998474121094,34.59000015258789,34.709999084472656,8566200.0,24.673675537109375
2006-08-01,34.5,33.95000076293945,34.5,34.13999938964844,9419400.0,24.268495559692383
2006-08-02,34.34000015258789,33.810001373291016,34.150001525878906,34.11000061035156,12543400.0,24.247173309326172
2006-08-03,34.70000076293945,33.52000045776367,33.79999923706055,34.56999969482422,11433700.0,24.57415199279785
2006-08-04,35.220001220703125,34.36000061035156,35.20000076293945,34.709999084472656,10587900.0,24.673675537109375
2006-08-07,34.79999923706055,34.29999923706055,34.709999084472656,34.689998626708984,6767900.0,24.659454345703125
2006-08-08,34.88999938964844,34.119998931884766,34.79999923706055,34.33000183105469,8972300.0,24.403553009033203
2006-08-09,34.4900016784668,33.400001525878906,34.369998931884766,33.400001525878906,16718200.0,23.74246597290039
2006-08-10,33.7400016784668,33.189998626708984,33.29999923706055,33.61000061035156,9823900.0,23.891738891601562
2006-08-11,33.72999954223633,33.06999969482422,33.689998626708984,33.27000045776367,11925000.0,23.650053024291992
2006-08-14,34.15999984741211,33.11000061035156,33.369998931884766,33.2599983215332,19552200.0,23.642942428588867
2006-08-15,34.75,33.75,34.45000076293945,34.439998626708984,21028600.0,24.48174285888672
2006-08-16,34.61000061035156,34.02000045776367,34.54999923706055,34.5,12539600.0,24.524398803710938
2006-08-17,35.099998474121094,34.400001525878906,34.5,34.720001220703125,13203100.0,24.6807861328125
2006-08-18,34.91999816894531,34.33000183105469,34.7599983215332,34.77000045776367,10542100.0,24.716325759887695
2006-08-21,34.400001525878906,34.040000915527344,34.150001525878906,34.29999923706055,12770500.0,24.382221221923828
2006-08-22,34.380001068115234,33.970001220703125,34.349998474121094,34.060001373291016,11680000.0,24.211626052856445
2006-08-23,33.900001525878906,33.5099983215332,33.75,33.650001525878906,14504100.0,23.920177459716797
2006-08-24,33.650001525878906,33.08000183105469,33.619998931884766,33.40999984741211,16185700.0,23.74956703186035
2006-08-25,33.689998626708984,33.279998779296875,33.599998474121094,33.47999954223633,10298300.0,23.79932975769043
2006-08-28,34.15999984741211,33.5,33.5,33.689998626708984,11072700.0,23.9486141204834
2006-08-29,34.20000076293945,33.61000061035156,33.81999969482422,34.09000015258789,10124600.0,24.232952117919922
2006-08-30,34.5099983215332,33.83000183105469,34.13999938964844,34.119998931884766,12323900.0,24.254270553588867
2006-08-31,34.45000076293945,33.959999084472656,34.11000061035156,34.290000915527344,10638700.0,24.375120162963867
2006-09-01,34.869998931884766,34.18000030517578,34.29999923706055,34.63999938964844,9145000.0,24.623920440673828
2006-09-05,34.91999816894531,34.47999954223633,34.650001525878906,34.77000045776367,8370600.0,24.823822021484375
2006-09-06,34.5,33.970001220703125,34.369998931884766,34.16999816894531,11691500.0,24.395456314086914
2006-09-07,34.619998931884766,33.75,33.95000076293945,34.34000015258789,11571100.0,24.51682472229004
2006-09-08,34.56999969482422,34.15999984741211,34.470001220703125,34.279998779296875,7429900.0,24.473981857299805
2006-09-11,35.22999954223633,34.20000076293945,34.279998779296875,35.060001373291016,13311300.0,25.030868530273438
2006-09-12,36.810001373291016,35.16999816894531,35.20000076293945,36.65999984741211,24431400.0,26.173181533813477
2006-09-13,37.54999923706055,36.400001525878906,36.70000076293945,37.16999816894531,20425200.0,26.53729248046875
2006-09-14,37.369998931884766,36.40999984741211,36.79999923706055,37.220001220703125,14856500.0,26.572986602783203
2006-09-15,37.650001525878906,36.75,37.41999816894531,37.220001220703125,14876200.0,26.572986602783203
2006-09-18,36.83000183105469,36.2599983215332,36.5,36.58000183105469,13968300.0,26.116058349609375
2006-09-19,36.7400016784668,36.099998474121094,36.70000076293945,36.279998779296875,11884500.0,25.901872634887695
2006-09-20,36.58000183105469,35.959999084472656,36.439998626708984,36.380001068115234,12795200.0,25.973276138305664
2006-09-21,36.720001220703125,35.77000045776367,36.45000076293945,35.849998474121094,11414500.0,25.594881057739258
2006-09-22,35.97999954223633,35.400001525878906,35.869998931884766,35.959999084472656,7813200.0,25.67341423034668
2006-09-25,36.70000076293945,35.66999816894531,35.959999084472656,36.58000183105469,10884900.0,26.116058349609375
2006-09-26,37.150001525878906,36.20000076293945,36.29999923706055,36.619998931884766,13853000.0,26.144622802734375
2006-09-27,36.84000015258789,36.22999954223633,36.59000015258789,36.459999084472656,8965700.0,26.030384063720703
2006-09-28,36.7599983215332,36.099998474121094,36.36000061035156,36.70000076293945,9732100.0,26.201730728149414
2006-09-29,36.81999969482422,36.22999954223633,36.47999954223633,36.27000045776367,8485000.0,25.89473533630371
2006-10-02,36.689998626708984,35.97999954223633,36.18000030517578,36.34000015258789,8620500.0,25.94470977783203
2006-10-03,37.040000915527344,36.25,36.38999938964844,36.83000183105469,10101500.0,26.2945499420166
2006-10-04,37.63999938964844,36.630001068115234,36.77000045776367,37.4900016784668,12285900.0,26.765750885009766
2006-10-05,37.4900016784668,36.970001220703125,37.41999816894531,37.2599983215332,10960000.0,26.601545333862305
2006-10-06,37.25,36.79999923706055,37.060001373291016,37.13999938964844,10853200.0,26.515865325927734
2006-10-09,37.7400016784668,36.790000915527344,36.810001373291016,37.70000076293945,9489800.0,26.915681838989258
2006-10-10,37.869998931884766,37.529998779296875,37.75,37.7599983215332,9159700.0,26.9585018157959
2006-10-11,38.20000076293945,37.560001373291016,37.560001373291016,37.91999816894531,11529400.0,27.0727481842041
2006-10-12,38.2400016784668,37.7599983215332,37.97999954223633,37.900001525878906,13221000.0,27.0584774017334
2006-10-13,37.45000076293945,36.54999923706055,37.439998626708984,36.900001525878906,19330600.0,26.344512939453125
2006-10-16,36.630001068115234,36.2599983215332,36.45000076293945,36.349998474121094,13144600.0,25.951860427856445
2006-10-17,36.150001525878906,35.689998626708984,35.95000076293945,35.7599983215332,15175100.0,25.53062629699707
2006-10-18,36.2599983215332,35.75,35.95000076293945,35.88999938964844,12402300.0,25.62343978881836
2006-10-19,36.189998626708984,35.70000076293945,35.84000015258789,35.90999984741211,9847200.0,25.637710571289062
2006-10-20,36.06999969482422,35.54999923706055,35.97999954223633,35.9900016784668,11183400.0,25.6948299407959
2006-10-23,36.349998474121094,35.79999923706055,35.810001373291016,36.2400016784668,11491300.0,25.873321533203125
2006-10-24,36.560001373291016,36.16999816894531,36.18000030517578,36.5,12234500.0,26.058944702148438
2006-10-25,36.70000076293945,36.33000183105469,36.56999969482422,36.599998474121094,12371600.0,26.130334854125977
2006-10-26,37.540000915527344,36.630001068115234,36.84000015258789,37.380001068115234,15365100.0,26.687217712402344
2006-10-27,37.33000183105469,36.79999923706055,37.2400016784668,37.06999969482422,14936800.0,26.46589469909668
2006-10-30,37.29999923706055,36.86000061035156,36.880001068115234,37.25,10040700.0,26.594402313232422
2006-10-31,37.470001220703125,36.95000076293945,37.25,37.33000183105469,14471000.0,26.65151596069336
2006-11-01,37.63999938964844,37.220001220703125,37.5,37.349998474121094,14395800.0,26.665794372558594
2006-11-02,37.5,36.90999984741211,37.04999923706055,37.20000076293945,16633900.0,26.558704376220703
2006-11-03,37.400001525878906,36.79999923706055,37.33000183105469,37.20000076293945,13998200.0,26.558704376220703
2006-11-06,37.27000045776367,36.54999923706055,36.599998474121094,37.220001220703125,16866400.0,26.572986602783203
2006-11-07,37.47999954223633,37.11000061035156,37.15999984741211,37.22999954223633,17390900.0,26.580121994018555
2006-11-08,37.4900016784668,37.0,37.0,37.25,13936900.0,26.594402313232422
2006-11-09,37.40999984741211,36.790000915527344,37.25,36.849998474121094,18646500.0,26.30882453918457
2006-11-10,36.849998474121094,36.47999954223633,36.79999923706055,36.63999938964844,14180600.0,26.15890121459961
2006-11-13,36.77000045776367,36.25,36.75,36.400001525878906,20610100.0,25.987548828125
2006-11-14,38.060001373291016,35.77000045776367,35.81999969482422,37.959999084472656,49455400.0,27.101301193237305
2006-11-15,38.290000915527344,37.40999984741211,37.77000045776367,37.619998931884766,28458300.0,26.85856819152832
2006-11-16,37.900001525878906,37.16999816894531,37.79999923706055,37.810001373291016,18965600.0,26.994211196899414
2006-11-17,38.290000915527344,37.63999938964844,37.77000045776367,38.279998779296875,16742100.0,27.32976722717285
2006-11-20,38.849998474121094,37.849998474121094,38.130001068115234,38.40999984741211,15707800.0,27.422578811645508
2006-11-21,38.439998626708984,37.90999984741211,38.40999984741211,37.91999816894531,9018400.0,27.0727481842041
2006-11-22,38.310001373291016,37.900001525878906,37.91999816894531,38.099998474121094,14130400.0,27.20125389099121
2006-11-24,38.150001525878906,37.709999084472656,37.849998474121094,37.720001220703125,3064100.0,26.929962158203125
2006-11-27,38.150001525878906,37.459999084472656,38.099998474121094,37.59000015258789,12267800.0,26.837129592895508
2006-11-28,37.45000076293945,36.9900016784668,37.310001373291016,37.06999969482422,11906100.0,26.625267028808594
2006-11-29,37.7400016784668,37.060001373291016,37.189998626708984,37.619998931884766,12005600.0,27.02030372619629
2006-11-30,38.2599983215332,37.22999954223633,37.5099983215332,37.970001220703125,17329100.0,27.271682739257812
2006-12-01,39.959999084472656,38.63999938964844,39.099998474121094,38.970001220703125,47279400.0,27.989919662475586
2006-12-04,39.470001220703125,38.40999984741211,38.70000076293945,39.20000076293945,14555500.0,28.15511131286621
2006-12-05,39.70000076293945,39.029998779296875,39.38999938964844,39.369998931884766,11901800.0,28.277206420898438
2006-12-06,40.11000061035156,39.2599983215332,39.52000045776367,39.91999816894531,17948700.0,28.672243118286133
2006-12-07,39.86000061035156,38.88999938964844,39.56999969482422,38.93000030517578,16351400.0,27.96118927001953
2006-12-08,39.29999923706055,38.689998626708984,38.970001220703125,38.79999923706055,11267400.0,27.867826461791992
2006-12-11,38.95000076293945,38.459999084472656,38.79999923706055,38.790000915527344,15648700.0,27.860647201538086
2006-12-12,38.72999954223633,38.18000030517578,38.70000076293945,38.70000076293945,17788200.0,27.795995712280273
2006-12-13,39.290000915527344,38.790000915527344,38.95000076293945,39.11000061035156,18604500.0,28.090482711791992
2006-12-14,40.099998474121094,38.869998931884766,39.099998474121094,39.970001220703125,24292200.0,28.708168029785156
2006-12-15,40.369998931884766,39.83000183105469,40.11000061035156,39.88999938964844,25977200.0,28.65070343017578
2006-12-18,40.29999923706055,39.68000030517578,40.06999969482422,39.959999084472656,14082200.0,28.700977325439453
2006-12-19,39.77000045776367,39.40999984741211,39.75,39.63999938964844,14938400.0,28.471147537231445
2006-12-20,39.86000061035156,39.130001068115234,39.54999923706055,39.130001068115234,13445400.0,28.10483741760254
2006-12-21,39.369998931884766,38.650001525878906,39.25,38.90999984741211,14785100.0,27.946834564208984
2006-12-22,39.06999969482422,38.75,38.95000076293945,38.88999938964844,7911700.0,27.932464599609375
2006-12-26,39.220001220703125,38.59000015258789,38.619998931884766,39.060001373291016,7255400.0,28.054563522338867
2006-12-27,39.68000030517578,39.18000030517578,39.189998626708984,39.560001373291016,8736900.0,28.4136905670166
2006-12-28,39.810001373291016,39.380001068115234,39.40999984741211,39.72999954223633,8890100.0,28.53579330444336
2006-12-29,40.290000915527344,39.650001525878906,39.65999984741211,40.15999984741211,11611400.0,28.844623565673828
2007-01-03,41.84000015258789,40.959999084472656,41.29999923706055,41.06999969482422,50853600.0,29.49822998046875
2007-01-04,41.18000030517578,40.380001068115234,41.0,40.56999969482422,22319400.0,29.139108657836914
2007-01-05,40.630001068115234,39.720001220703125,40.439998626708984,39.790000915527344,21676500.0,28.57887840270996
2007-01-08,39.95000076293945,39.25,39.939998626708984,39.4900016784668,17465300.0,28.363412857055664
2007-01-09,39.849998474121094,39.220001220703125,39.5,39.31999969482422,20341100.0,28.241300582885742
2007-01-10,39.93000030517578,39.060001373291016,39.84000015258789,39.779998779296875,15324600.0,28.571693420410156
2007-01-11,40.189998626708984,39.650001525878906,39.650001525878906,40.08000183105469,12149100.0,28.78718376159668
2007-01-12,40.369998931884766,39.849998474121094,39.95000076293945,40.11000061035156,11218600.0,28.808712005615234
2007-01-16,40.41999816894531,39.91999816894531,40.0,40.290000915527344,12639900.0,28.938003540039062
2007-01-17,40.470001220703125,40.09000015258789,40.189998626708984,40.290000915527344,12729000.0,28.938003540039062
2007-01-18,40.939998626708984,40.0099983215332,40.04999923706055,40.869998931884766,18810000.0,29.35458755493164
2007-01-19,40.97999954223633,40.45000076293945,40.970001220703125,40.54999923706055,12125900.0,29.12474822998047
2007-01-22,40.65999984741211,39.97999954223633,40.65999984741211,40.04999923706055,14165800.0,28.765621185302734
2007-01-23,40.61000061035156,40.0,40.029998779296875,40.43000030517578,11380400.0,29.038557052612305
2007-01-24,40.790000915527344,40.41999816894531,40.52000045776367,40.689998626708984,9835700.0,29.22529411315918
2007-01-25,40.66999816894531,40.0099983215332,40.529998779296875,40.09000015258789,11086200.0,28.79435920715332
2007-01-26,40.220001220703125,39.63999938964844,40.119998931884766,39.939998626708984,9797400.0,28.686622619628906
2007-01-29,40.52000045776367,39.84000015258789,40.29999923706055,39.90999984741211,12147600.0,28.665067672729492
2007-01-30,40.380001068115234,40.0099983215332,40.11000061035156,40.16999816894531,8671700.0,28.8518123626709
2007-01-31,40.95000076293945,39.95000076293945,39.970001220703125,40.7400016784668,11630100.0,29.261207580566406
2007-02-01,41.18000030517578,40.689998626708984,40.77000045776367,41.08000183105469,12544200.0,29.505413055419922
2007-02-02,41.13999938964844,40.61000061035156,40.900001525878906,40.83000183105469,9928300.0,29.32584571838379
2007-02-05,41.22999954223633,40.540000915527344,40.66999816894531,41.029998779296875,9017400.0,29.469505310058594
2007-02-06,41.380001068115234,40.90999984741211,41.09000015258789,41.27000045776367,8096800.0,29.641887664794922
2007-02-07,41.459999084472656,41.02000045776367,41.220001220703125,41.36000061035156,8347100.0,29.706527709960938
2007-02-08,41.27000045776367,40.939998626708984,41.220001220703125,41.09000015258789,11976500.0,29.512603759765625
2007-02-09,41.41999816894531,40.90999984741211,41.220001220703125,41.0,9320000.0,29.44796371459961
2007-02-12,42.0099983215332,41.27000045776367,41.619998931884766,41.439998626708984,18480700.0,29.763973236083984
2007-02-13,41.84000015258789,41.18000030517578,41.290000915527344,41.7599983215332,13173700.0,29.993820190429688
2007-02-14,41.959999084472656,41.5,41.720001220703125,41.72999954223633,20514700.0,29.972278594970703
2007-02-15,41.849998474121094,41.31999969482422,41.56999969482422,41.65999984741211,10828700.0,29.922016143798828
2007-02-16,41.65999984741211,41.20000076293945,41.5,41.439998626708984,11035300.0,29.763973236083984
2007-02-20,41.79999923706055,40.70000076293945,40.7400016784668,41.34000015258789,17903400.0,29.692163467407227
2007-02-21,41.41999816894531,40.650001525878906,40.88999938964844,41.29999923706055,11916800.0,29.663433074951172
2007-02-22,41.29999923706055,40.9900016784668,41.16999816894531,41.18000030517578,9484700.0,29.577238082885742
2007-02-23,41.4900016784668,40.810001373291016,41.41999816894531,40.959999084472656,13729700.0,29.419225692749023
2007-02-26,41.0,40.310001373291016,41.0,40.790000915527344,12198400.0,29.297130584716797
2007-02-27,40.52000045776367,39.560001373291016,40.4900016784668,39.81999969482422,23480300.0,28.600427627563477
2007-02-28,39.849998474121094,39.290000915527344,39.290000915527344,39.59000015258789,26115700.0,28.435232162475586
2007-03-01,39.650001525878906,38.65999984741211,39.16999816894531,39.45000076293945,21139500.0,28.334678649902344
2007-03-02,39.380001068115234,38.970001220703125,39.310001373291016,39.0099983215332,19521700.0,28.018648147583008
2007-03-05,39.20000076293945,38.59000015258789,38.75,38.66999816894531,22835500.0,27.774452209472656
2007-03-06,39.02000045776367,38.43000030517578,39.02000045776367,38.79999923706055,17472800.0,28.030916213989258
2007-03-07,38.9900016784668,38.52000045776367,38.709999084472656,38.709999084472656,12320700.0,27.965885162353516
2007-03-08,39.119998931884766,38.72999954223633,38.77000045776367,38.79999923706055,11707100.0,28.030916213989258
2007-03-09,39.16999816894531,38.4900016784668,39.150001525878906,38.66999816894531,11988600.0,27.93700408935547
2007-03-12,38.77000045776367,38.11000061035156,38.40999984741211,38.16999816894531,14195200.0,27.575780868530273
2007-03-13,38.130001068115234,37.25,38.029998779296875,37.349998474121094,21392500.0,26.983367919921875
2007-03-14,37.58000183105469,36.5,37.279998779296875,37.560001373291016,24242400.0,27.135080337524414
2007-03-15,37.79999923706055,37.220001220703125,37.459999084472656,37.4900016784668,10151000.0,27.084510803222656
2007-03-16,37.81999969482422,37.33000183105469,37.599998474121094,37.5099983215332,16888700.0,27.09896469116211
2007-03-19,37.779998779296875,37.36000061035156,37.650001525878906,37.720001220703125,9396200.0,27.250675201416016
2007-03-20,38.0,37.5,37.650001525878906,37.93000030517578,11080800.0,27.402389526367188
2007-03-21,38.91999816894531,37.810001373291016,37.88999938964844,38.7400016784668,15305400.0,27.987573623657227
2007-03-22,38.900001525878906,38.150001525878906,38.61000061035156,38.33000183105469,9487800.0,27.691364288330078
2007-03-23,38.470001220703125,38.06999969482422,38.349998474121094,38.220001220703125,11566800.0,27.61190414428711
2007-03-26,38.279998779296875,37.58000183105469,38.150001525878906,37.90999984741211,11825300.0,27.3879337310791
2007-03-27,37.790000915527344,37.279998779296875,37.72999954223633,37.34000015258789,12839000.0,26.976152420043945
2007-03-28,37.25,36.599998474121094,37.18000030517578,36.77000045776367,13983700.0,26.56435203552246
2007-03-29,37.060001373291016,36.5,36.970001220703125,36.81999969482422,14383400.0,26.600467681884766
2007-03-30,37.189998626708984,36.349998474121094,36.77000045776367,36.7400016784668,12672200.0,26.54268455505371
2007-04-02,36.86000061035156,36.599998474121094,36.66999816894531,36.790000915527344,9918400.0,26.57880210876465
2007-04-03,37.779998779296875,36.79999923706055,36.88999938964844,37.630001068115234,15862400.0,27.18566131591797
2007-04-04,38.2599983215332,37.540000915527344,37.61000061035156,38.11000061035156,19168400.0,27.532421112060547
2007-04-05,38.11000061035156,37.790000915527344,37.939998626708984,38.02000045776367,10734900.0,27.4674129486084
2007-04-09,38.25,37.86000061035156,38.2400016784668,38.08000183105469,7312400.0,27.510757446289062
2007-04-10,38.54999923706055,38.029998779296875,38.09000015258789,38.22999954223633,10978700.0,27.61912727355957
2007-04-11,38.33000183105469,37.77000045776367,38.119998931884766,37.970001220703125,15910400.0,27.43128776550293
2007-04-12,38.189998626708984,37.599998474121094,37.88999938964844,38.02000045776367,11377900.0,27.4674129486084
2007-04-13,37.9900016784668,37.75,37.959999084472656,37.88999938964844,10763200.0,27.373497009277344
2007-04-16,38.790000915527344,37.90999984741211,38.0,38.560001373291016,11514300.0,27.85753059387207
2007-04-17,39.5,38.70000076293945,38.84000015258789,39.439998626708984,15722100.0,28.493284225463867
2007-04-18,39.439998626708984,38.81999969482422,39.38999938964844,39.040000915527344,11182000.0,28.20429801940918
2007-04-19,39.16999816894531,38.58000183105469,38.900001525878906,38.90999984741211,11024800.0,28.11039161682129
2007-04-20,39.34000015258789,38.91999816894531,39.33000183105469,39.209999084472656,13711900.0,28.327119827270508
2007-04-23,39.38999938964844,39.04999923706055,39.189998626708984,39.209999084472656,7912200.0,28.327119827270508
2007-04-24,39.400001525878906,38.650001525878906,39.09000015258789,39.310001373291016,13273100.0,28.399370193481445
2007-04-25,39.689998626708984,39.20000076293945,39.41999816894531,39.5,11327800.0,28.536624908447266
2007-04-26,39.5,38.88999938964844,39.41999816894531,38.9900016784668,11421300.0,28.168184280395508
2007-04-27,38.9900016784668,38.40999984741211,38.900001525878906,38.470001220703125,11310100.0,27.79251480102539
2007-04-30,38.560001373291016,37.83000183105469,38.5,37.869998931884766,20383500.0,27.359046936035156
2007-05-01,38.47999954223633,37.900001525878906,38.150001525878906,38.43000030517578,13068100.0,27.76361846923828
2007-05-02,39.060001373291016,38.34000015258789,38.34000015258789,38.75,13997800.0,27.994792938232422
2007-05-03,39.25,38.439998626708984,38.95000076293945,39.060001373291016,10799300.0,28.2187557220459
2007-05-04,39.189998626708984,38.72999954223633,39.119998931884766,38.900001525878906,8889900.0,28.10316276550293
2007-05-07,39.20000076293945,38.54999923706055,38.70000076293945,38.84000015258789,7764700.0,28.0598201751709
2007-05-08,38.75,38.349998474121094,38.709999084472656,38.630001068115234,12568400.0,27.908100128173828
2007-05-09,39.20000076293945,38.40999984741211,38.459999084472656,39.18000030517578,10012600.0,28.305435180664062
2007-05-10,39.619998931884766,38.630001068115234,38.88999938964844,38.790000915527344,13333800.0,28.02368927001953
2007-05-11,39.16999816894531,38.61000061035156,38.70000076293945,38.86000061035156,11994300.0,28.074264526367188
2007-05-14,39.52000045776367,38.86000061035156,39.040000915527344,39.0099983215332,15876800.0,28.182628631591797
2007-05-15,39.31999969482422,37.970001220703125,38.0,38.29999923706055,31391600.0,27.669687271118164
2007-05-16,38.58000183105469,38.0,38.459999084472656,38.369998931884766,14048500.0,27.72026824951172
2007-05-17,38.59000015258789,38.150001525878906,38.16999816894531,38.29999923706055,9091200.0,27.669687271118164
2007-05-18,38.90999984741211,38.25,38.4900016784668,38.880001068115234,13864100.0,28.088708877563477
2007-05-21,39.04999923706055,38.540000915527344,38.70000076293945,38.630001068115234,12653300.0,27.908100128173828
2007-05-22,38.70000076293945,38.349998474121094,38.599998474121094,38.529998779296875,9354700.0,27.83584976196289
2007-05-23,39.130001068115234,38.61000061035156,38.720001220703125,38.779998779296875,10899400.0,28.016469955444336
2007-05-24,39.400001525878906,38.61000061035156,38.630001068115234,38.95000076293945,19185500.0,28.139280319213867
2007-05-25,39.0,38.25,38.91999816894531,38.380001068115234,9629300.0,27.727489471435547
2007-05-29,38.68000030517578,38.31999969482422,38.380001068115234,38.650001525878906,8878900.0,27.92254066467285
2007-05-30,38.75,38.279998779296875,38.630001068115234,38.70000076293945,9268900.0,27.958683013916016
2007-05-31,39.029998779296875,38.56999969482422,38.75,38.869998931884766,9728800.0,28.081491470336914
2007-06-01,39.56999969482422,38.959999084472656,39.099998474121094,39.209999084472656,12959300.0,28.327119827270508
2007-06-04,39.869998931884766,38.91999816894531,39.0,39.79999923706055,12809100.0,28.753353118896484
2007-06-05,39.849998474121094,38.68000030517578,39.470001220703125,38.86000061035156,15236100.0,28.233875274658203
2007-06-06,38.70000076293945,38.20000076293945,38.54999923706055,38.29999923706055,11719100.0,27.827009201049805
2007-06-07,38.29999923706055,37.61000061035156,38.150001525878906,37.65999984741211,17329400.0,27.36200523376465
2007-06-08,38.0,37.56999969482422,37.65999984741211,37.95000076293945,10146700.0,27.572721481323242
2007-06-11,37.83000183105469,37.619998931884766,37.779998779296875,37.709999084472656,13278600.0,27.398338317871094
2007-06-12,37.790000915527344,37.349998474121094,37.709999084472656,37.36000061035156,17317200.0,27.144046783447266
2007-06-13,37.83000183105469,37.439998626708984,37.61000061035156,37.72999954223633,14036400.0,27.412879943847656
2007-06-14,37.84000015258789,37.56999969482422,37.79999923706055,37.790000915527344,9948800.0,27.456462860107422
2007-06-15,38.4900016784668,37.95000076293945,38.33000183105469,37.95000076293945,21091500.0,27.572721481323242
2007-06-18,38.25,37.900001525878906,38.0,37.959999084472656,8644200.0,27.579971313476562
2007-06-19,38.400001525878906,37.810001373291016,38.36000061035156,38.27000045776367,14297900.0,27.80520248413086
2007-06-20,41.189998626708984,39.90999984741211,40.849998474121094,40.029998779296875,66783600.0,29.083934783935547
2007-06-21,40.13999938964844,39.560001373291016,39.970001220703125,39.95000076293945,26940900.0,29.025827407836914
2007-06-22,40.119998931884766,39.36000061035156,39.59000015258789,39.36000061035156,19316100.0,28.597156524658203
2007-06-25,39.709999084472656,39.0,39.45000076293945,39.18000030517578,13095600.0,28.466367721557617
2007-06-26,39.41999816894531,38.869998931884766,39.27000045776367,39.150001525878906,16997300.0,28.4445858001709
2007-06-27,39.79999923706055,38.810001373291016,38.95000076293945,39.7599983215332,15476200.0,28.88778305053711
2007-06-28,40.13999938964844,39.5,39.66999816894531,39.52000045776367,19649200.0,28.713407516479492
2007-06-29,39.959999084472656,39.119998931884766,39.540000915527344,39.349998474121094,13714300.0,28.589893341064453
2007-07-02,39.599998474121094,39.150001525878906,39.54999923706055,39.369998931884766,8844800.0,28.604419708251953
2007-07-03,39.54999923706055,38.95000076293945,39.43000030517578,39.20000076293945,6266400.0,28.480899810791016
2007-07-05,39.900001525878906,39.20000076293945,39.33000183105469,39.83000183105469,14665100.0,28.938631057739258
2007-07-06,40.5099983215332,39.849998474121094,39.91999816894531,40.29999923706055,16811000.0,29.280107498168945
2007-07-09,40.970001220703125,40.16999816894531,40.779998779296875,40.22999954223633,17337100.0,29.2292537689209
2007-07-10,40.83000183105469,40.18000030517578,40.41999816894531,40.25,34920700.0,29.243799209594727
2007-07-11,40.7599983215332,40.13999938964844,40.22999954223633,40.47999954223633,20798500.0,29.41089630126953
2007-07-12,41.0,40.43000030517578,40.630001068115234,40.939998626708984,20013800.0,29.74512481689453
2007-07-13,41.0099983215332,40.61000061035156,40.849998474121094,40.869998931884766,12028000.0,29.694259643554688
2007-07-16,40.75,40.5,40.650001525878906,40.58000183105469,11226400.0,29.483545303344727
2007-07-17,40.58000183105469,40.099998474121094,40.470001220703125,40.150001525878906,13871500.0,29.17113494873047
2007-07-18,40.43000030517578,39.689998626708984,40.02000045776367,40.040000915527344,17388700.0,29.091211318969727
2007-07-19,40.13999938964844,39.52000045776367,40.04999923706055,39.70000076293945,15693500.0,28.844188690185547
2007-07-20,39.869998931884766,39.34000015258789,39.5,39.38999938964844,17880700.0,28.618953704833984
2007-07-23,39.5,38.900001525878906,39.4900016784668,38.959999084472656,19651500.0,28.306522369384766
2007-07-24,38.95000076293945,37.869998931884766,38.77000045776367,37.95000076293945,26185100.0,27.572721481323242
2007-07-25,38.400001525878906,37.619998931884766,38.209999084472656,38.040000915527344,23885100.0,27.638105392456055
2007-07-26,38.22999954223633,36.790000915527344,37.470001220703125,37.29999923706055,35164600.0,27.1004581451416
2007-07-27,37.4900016784668,36.720001220703125,37.060001373291016,36.75,25522900.0,26.700849533081055
2007-07-30,38.18000030517578,36.79999923706055,36.959999084472656,37.810001373291016,29638600.0,27.47100067138672
2007-07-31,38.41999816894531,37.08000183105469,38.15999984741211,37.16999816894531,29752100.0,27.005996704101562
2007-08-01,37.88999938964844,36.54999923706055,36.939998626708984,37.77000045776367,30751500.0,27.44193458557129
2007-08-02,38.150001525878906,37.61000061035156,37.75,37.81999969482422,26469600.0,27.478269577026367
2007-08-03,37.84000015258789,35.90999984741211,37.84000015258789,36.189998626708984,45337400.0,26.29398536682129
2007-08-06,36.9900016784668,35.70000076293945,36.34000015258789,36.88999938964844,33499100.0,26.802566528320312
2007-08-07,37.06999969482422,35.91999816894531,36.54999923706055,36.400001525878906,28361200.0,26.44654655456543
2007-08-08,37.79999923706055,36.29999923706055,36.5,37.79999923706055,35795600.0,27.463729858398438
2007-08-09,36.25,35.119998931884766,35.36000061035156,35.790000915527344,37137600.0,26.003353118896484
2007-08-10,36.27000045776367,35.29999923706055,35.779998779296875,35.91999816894531,22034500.0,26.097810745239258
2007-08-13,36.02000045776367,35.119998931884766,36.02000045776367,35.2400016784668,21036600.0,25.603763580322266
2007-08-14,35.290000915527344,33.4900016784668,35.11000061035156,33.52000045776367,42251600.0,24.354089736938477
2007-08-15,34.439998626708984,33.209999084472656,33.5099983215332,33.36000061035156,26864000.0,24.237834930419922
2007-08-16,33.720001220703125,31.850000381469727,33.060001373291016,32.81999969482422,37740300.0,23.845491409301758
2007-08-17,34.13999938964844,32.95000076293945,33.84000015258789,33.310001373291016,30623400.0,24.20150375366211
2007-08-20,33.939998626708984,33.310001373291016,33.66999816894531,33.790000915527344,18473500.0,24.550254821777344
2007-08-21,34.65999984741211,33.599998474121094,33.79999923706055,34.29999923706055,18789300.0,24.92079734802246
2007-08-22,34.79999923706055,34.099998474121094,34.47999954223633,34.77000045776367,28241500.0,25.26227569580078
2007-08-23,34.36000061035156,33.779998779296875,34.150001525878906,34.02000045776367,23123600.0,24.717357635498047
2007-08-24,34.95000076293945,34.15999984741211,34.209999084472656,34.68000030517578,14370700.0,25.196887969970703
2007-08-27,35.560001373291016,35.09000015258789,35.41999816894531,35.25,25881100.0,25.611019134521484
2007-08-28,35.560001373291016,35.0099983215332,35.5,35.04999923706055,55781000.0,25.629297256469727
2007-08-29,36.79999923706055,35.130001068115234,35.130001068115234,36.54999923706055,66298200.0,26.72612762451172
2007-08-30,37.13999938964844,36.36000061035156,36.38999938964844,37.040000915527344,34579600.0,27.08443260192871
2007-08-31,38.540000915527344,37.220001220703125,37.36000061035156,38.310001373291016,65864700.0,28.013086318969727
2007-09-04,37.369998931884766,36.130001068115234,37.209999084472656,36.36000061035156,94537000.0,26.587200164794922
2007-09-05,36.560001373291016,34.560001373291016,36.279998779296875,36.5099983215332,45147200.0,26.696882247924805
2007-09-06,36.77000045776367,35.220001220703125,36.36000061035156,35.220001220703125,36327500.0,25.75360870361328
2007-09-07,34.88999938964844,34.119998931884766,34.810001373291016,34.209999084472656,30279900.0,25.015073776245117
2007-09-10,34.63999938964844,33.400001525878906,34.45000076293945,33.810001373291016,22191400.0,24.722583770751953
2007-09-11,34.900001525878906,33.849998474121094,34.0,34.869998931884766,33242500.0,25.497676849365234
2007-09-12,35.31999969482422,34.459999084472656,34.52000045776367,35.09000015258789,19849900.0,25.658550262451172
2007-09-13,35.849998474121094,35.119998931884766,35.290000915527344,35.61000061035156,16274100.0,26.038787841796875
2007-09-14,35.83000183105469,35.0,35.79999923706055,35.68000030517578,12541000.0,26.0899658203125
2007-09-17,35.70000076293945,35.18000030517578,35.349998474121094,35.380001068115234,13144900.0,25.870603561401367
2007-09-18,36.380001068115234,35.25,35.5099983215332,36.36000061035156,21552700.0,26.587200164794922
2007-09-19,37.150001525878906,36.02000045776367,36.54999923706055,36.18000030517578,20242000.0,26.455575942993164
2007-09-20,36.18000030517578,35.16999816894531,36.040000915527344,35.31999969482422,20980500.0,25.826738357543945
2007-09-21,35.54999923706055,34.470001220703125,35.52000045776367,34.470001220703125,23949700.0,25.2051944732666
2007-09-24,34.790000915527344,33.529998779296875,34.52000045776367,33.880001068115234,16852100.0,24.773780822753906
2007-09-25,33.209999084472656,32.709999084472656,33.18000030517578,33.08000183105469,27939100.0,24.18879508972168
2007-09-26,33.380001068115234,32.810001373291016,33.20000076293945,32.9900016784668,18513800.0,24.12297821044922
2007-09-27,33.22999954223633,32.650001525878906,33.150001525878906,32.7599983215332,16988700.0,23.954809188842773
2007-09-28,32.810001373291016,32.369998931884766,32.810001373291016,32.439998626708984,24716200.0,23.720808029174805
2007-10-01,33.45000076293945,32.56999969482422,32.58000183105469,33.15999984741211,22312300.0,24.24729347229004
2007-10-02,33.66999816894531,33.119998931884766,33.209999084472656,33.36000061035156,23370600.0,24.393539428710938
2007-10-03,34.209999084472656,33.2400016784668,33.27000045776367,33.869998931884766,20350500.0,24.76645278930664
2007-10-04,34.04999923706055,33.5,34.0099983215332,33.7400016784668,12150200.0,24.671403884887695
2007-10-05,34.54999923706055,33.900001525878906,34.20000076293945,34.220001220703125,12933200.0,25.02239227294922
2007-10-08,34.31999969482422,33.7400016784668,34.27000045776367,33.93000030517578,11252200.0,24.810331344604492
2007-10-09,34.0,33.41999816894531,33.90999984741211,33.79999923706055,14044100.0,24.715274810791016
2007-10-10,34.0,33.400001525878906,33.689998626708984,33.650001525878906,16501700.0,24.60560417175293
2007-10-11,34.25,33.220001220703125,33.70000076293945,33.43000030517578,17127000.0,24.44472312927246
2007-10-12,33.68000030517578,33.20000076293945,33.52000045776367,33.439998626708984,12414300.0,24.4520320892334
2007-10-15,33.650001525878906,32.81999969482422,33.45000076293945,33.0099983215332,14904100.0,24.13761329650879
2007-10-16,32.959999084472656,32.2400016784668,32.95000076293945,32.5099983215332,15989800.0,23.77199363708496
2007-10-17,32.900001525878906,31.450000762939453,32.810001373291016,31.780000686645508,23218000.0,23.238210678100586
2007-10-18,32.0099983215332,31.3799991607666,31.600000381469727,31.68000030517578,17879500.0,23.165084838867188
2007-10-19,31.850000381469727,30.559999465942383,31.719999313354492,30.760000228881836,27030000.0,22.49235725402832
2007-10-22,31.18000030517578,30.360000610351562,30.579999923706055,30.8799991607666,17779900.0,22.580110549926758
2007-10-23,31.200000762939453,30.399999618530273,31.200000762939453,30.920000076293945,16354200.0,22.60936164855957
2007-10-24,31.040000915527344,30.280000686645508,30.989999771118164,30.8799991607666,18545700.0,22.580110549926758
2007-10-25,31.520000457763672,30.3799991607666,31.09000015258789,30.700000762939453,24280100.0,22.448490142822266
2007-10-26,31.549999237060547,30.5,31.010000228881836,31.350000381469727,12484600.0,22.923784255981445
2007-10-29,31.850000381469727,31.260000228881836,31.549999237060547,31.399999618530273,15986200.0,22.96034812927246
2007-10-30,31.75,31.280000686645508,31.5,31.459999084472656,18673800.0,23.004220962524414
2007-10-31,31.799999237060547,31.020000457763672,31.709999084472656,31.510000228881836,14935900.0,23.040781021118164
2007-11-01,31.579999923706055,30.649999618530273,31.399999618530273,30.690000534057617,15003400.0,22.441173553466797
2007-11-02,31.010000228881836,30.1200008392334,30.920000076293945,30.399999618530273,16577200.0,22.2291202545166
2007-11-05,30.149999618530273,29.530000686645508,30.149999618530273,29.799999237060547,17515500.0,21.790388107299805
2007-11-06,30.1200008392334,29.5,29.5,30.059999465942383,15828300.0,21.980512619018555
2007-11-07,29.920000076293945,29.299999237060547,29.700000762939453,29.34000015258789,16487900.0,21.45402717590332
2007-11-08,29.559999465942383,28.25,29.5,29.09000015258789,25256800.0,21.271223068237305
2007-11-09,28.920000076293945,27.989999771118164,28.690000534057617,28.049999237060547,21922500.0,20.51074981689453
2007-11-12,29.079999923706055,28.0,28.049999237060547,28.459999084472656,18968500.0,20.81055450439453
2007-11-13,29.229999542236328,27.770000457763672,28.0,29.1200008392334,28296000.0,21.293155670166016
2007-11-14,29.729999542236328,28.860000610351562,29.290000915527344,29.030000686645508,18442800.0,21.22734832763672
2007-11-15,29.75,28.84000015258789,29.06999969482422,28.979999542236328,17497700.0,21.190784454345703
2007-11-16,29.200000762939453,28.420000076293945,29.1200008392334,29.06999969482422,18189700.0,21.256603240966797
2007-11-19,28.829999923706055,28.020000457763672,28.829999923706055,28.190000534057617,21986400.0,20.613122940063477
2007-11-20,28.75,27.950000762939453,28.190000534057617,28.5,26557200.0,20.839799880981445
2007-11-21,28.389999389648438,27.809999465942383,28.209999084472656,28.049999237060547,12611300.0,20.51074981689453
2007-11-23,29.010000228881836,28.059999465942383,28.18000030517578,28.950000762939453,9786400.0,21.168851852416992
2007-11-26,29.0,27.40999984741211,28.889999389648438,27.489999771118164,16282500.0,20.101274490356445
2007-11-27,27.610000610351562,26.780000686645508,27.579999923706055,27.149999618530273,20151400.0,20.016481399536133
2007-11-28,28.489999771118164,27.06999969482422,27.299999237060547,28.270000457763672,24263400.0,20.842208862304688
2007-11-29,28.200000762939453,27.549999237060547,28.1200008392334,27.8799991607666,19899300.0,20.554676055908203
2007-11-30,29.100000381469727,28.1200008392334,28.299999237060547,28.559999465942383,24847100.0,21.056020736694336
2007-12-03,29.030000686645508,28.450000762939453,28.6200008392334,28.489999771118164,12101600.0,21.004404067993164
2007-12-04,28.940000534057617,28.0,28.3799991607666,28.790000915527344,18286500.0,21.2255859375
2007-12-05,29.170000076293945,28.670000076293945,29.049999237060547,28.969999313354492,12545200.0,21.358287811279297
2007-12-06,29.65999984741211,28.579999923706055,28.84000015258789,29.489999771118164,11632800.0,21.741662979125977
2007-12-07,29.75,29.329999923706055,29.65999984741211,29.489999771118164,10064200.0,21.741662979125977
2007-12-10,29.649999618530273,29.049999237060547,29.200000762939453,29.59000015258789,11895200.0,21.815387725830078
2007-12-11,29.799999237060547,28.309999465942383,29.579999923706055,28.399999618530273,19388100.0,20.93804931640625
2007-12-12,29.280000686645508,28.0,29.0,28.489999771118164,20141500.0,21.004404067993164
2007-12-13,28.479999542236328,27.260000228881836,28.309999465942383,27.639999389648438,20290600.0,20.377737045288086
2007-12-14,27.350000381469727,26.6299991607666,27.309999465942383,26.6299991607666,21681100.0,19.63311004638672
2007-12-17,26.729999542236328,25.84000015258789,26.5,25.940000534057617,25190900.0,19.124404907226562
2007-12-18,26.600000381469727,25.56999969482422,26.139999389648438,26.469999313354492,22441300.0,19.515148162841797
2007-12-19,26.43000030517578,25.84000015258789,26.43000030517578,26.239999771118164,17910700.0,19.3455810546875
2007-12-20,26.420000076293945,25.979999542236328,26.200000762939453,26.270000457763672,16008200.0,19.367694854736328
2007-12-21,26.940000534057617,26.290000915527344,26.360000610351562,26.65999984741211,24522500.0,19.655235290527344
2007-12-24,27.09000015258789,26.5,26.610000610351562,27.010000228881836,7199400.0,19.913267135620117
2007-12-26,27.049999237060547,26.65999984741211,27.0,26.989999771118164,15081100.0,19.89852523803711
2007-12-27,26.979999542236328,26.709999084472656,26.979999542236328,26.770000457763672,13361100.0,19.736326217651367
2007-12-28,27.010000228881836,26.350000381469727,26.739999771118164,26.68000030517578,13743400.0,19.66996955871582
2007-12-31,27.18000030517578,26.260000228881836,26.510000228881836,26.940000534057617,16689900.0,19.861663818359375
2008-01-02,27.270000457763672,26.020000457763672,27.1299991607666,26.110000610351562,16560700.0,19.249736785888672
2008-01-03,26.459999084472656,25.799999237060547,26.239999771118164,25.81999969482422,14635500.0,19.03592872619629
2008-01-04,25.670000076293945,24.760000228881836,25.559999465942383,24.959999084472656,19772000.0,18.40189552307129
2008-01-07,25.809999465942383,24.93000030517578,25.059999465942383,25.3700008392334,20682400.0,18.704166412353516
2008-01-08,25.799999237060547,24.670000076293945,25.549999237060547,24.739999771118164,15488100.0,18.239696502685547
2008-01-09,24.969999313354492,23.770000457763672,24.75,24.729999542236328,25468800.0,18.232328414916992
2008-01-10,25.709999084472656,24.350000381469727,24.510000228881836,25.280000686645508,16098800.0,18.6378173828125
2008-01-11,25.559999465942383,24.56999969482422,25.100000381469727,24.709999084472656,17627000.0,18.217586517333984
2008-01-14,25.5,24.540000915527344,25.100000381469727,25.389999389648438,15513500.0,18.718914031982422
2008-01-15,25.649999618530273,24.65999984741211,25.049999237060547,25.3700008392334,20304900.0,18.704166412353516
2008-01-16,26.84000015258789,25.280000686645508,25.299999237060547,26.34000015258789,27356000.0,19.419309616088867
2008-01-17,26.709999084472656,26.020000457763672,26.3700008392334,26.25,20633800.0,19.352951049804688
2008-01-18,27.489999771118164,26.0,26.459999084472656,26.280000686645508,25818700.0,19.37507438659668
2008-01-22,28.81999969482422,24.959999084472656,24.959999084472656,28.200000762939453,45150200.0,20.79060173034668
2008-01-23,30.1200008392334,27.079999923706055,27.700000762939453,29.950000762939453,41347200.0,22.080801010131836
2008-01-24,29.799999237060547,28.93000030517578,29.600000381469727,29.559999465942383,26773500.0,21.793270111083984
2008-01-25,29.649999618530273,28.149999618530273,29.610000610351562,28.530000686645508,22483600.0,21.033897399902344
2008-01-28,29.15999984741211,28.030000686645508,28.510000228881836,29.139999389648438,17078900.0,21.483613967895508
2008-01-29,29.920000076293945,28.56999969482422,29.3700008392334,29.709999084472656,19525200.0,21.903860092163086
2008-01-30,30.200000762939453,29.049999237060547,29.049999237060547,29.3799991607666,21216400.0,21.66056251525879
2008-01-31,31.079999923706055,28.81999969482422,28.979999542236328,30.639999389648438,33237000.0,22.589500427246094
2008-02-01,30.690000534057617,29.8799991607666,30.299999237060547,30.450000762939453,17198800.0,22.44942855834961
2008-02-04,30.549999237060547,29.15999984741211,30.450000762939453,29.350000381469727,16497000.0,21.638450622558594
2008-02-05,29.440000534057617,27.850000381469727,28.889999389648438,27.989999771118164,21585200.0,20.63578224182129
2008-02-06,28.969999313354492,27.59000015258789,28.239999771118164,27.649999618530273,23844900.0,20.38511085510254
2008-02-07,29.170000076293945,27.520000457763672,27.549999237060547,28.399999618530273,20958600.0,20.93804931640625
2008-02-08,28.59000015258789,27.700000762939453,28.299999237060547,27.969999313354492,15908100.0,20.621036529541016
2008-02-11,28.8799991607666,27.670000076293945,28.020000457763672,28.690000534057617,13946700.0,21.15185546875
2008-02-12,29.1299991607666,28.219999313354492,28.809999465942383,28.3799991607666,17804800.0,20.923307418823242
2008-02-13,28.799999237060547,28.1299991607666,28.540000915527344,28.34000015258789,12399300.0,20.893817901611328
2008-02-14,28.399999618530273,27.34000015258789,28.290000915527344,27.510000228881836,16340000.0,20.281890869140625
2008-02-15,27.670000076293945,26.959999084472656,27.670000076293945,27.520000457763672,15780200.0,20.289270401000977
2008-02-19,28.1200008392334,27.09000015258789,27.8799991607666,27.309999465942383,15004300.0,20.134449005126953
2008-02-20,27.920000076293945,26.940000534057617,27.030000686645508,27.719999313354492,13649500.0,20.43671989440918
2008-02-21,28.219999313354492,27.270000457763672,27.760000228881836,27.389999389648438,13051000.0,20.19342613220215
2008-02-22,27.809999465942383,27.0,27.450000762939453,27.770000457763672,13601200.0,20.473583221435547
2008-02-25,28.81999969482422,27.280000686645508,27.280000686645508,28.81999969482422,20911400.0,21.247697830200195
2008-02-26,29.489999771118164,28.219999313354492,28.219999313354492,28.829999923706055,30638500.0,21.25507164001465
2008-02-27,29.239999771118164,28.459999084472656,28.549999237060547,28.90999984741211,17330300.0,21.314058303833008
2008-02-28,28.700000762939453,27.670000076293945,28.639999389648438,27.709999084472656,18085800.0,20.429349899291992
2008-02-29,27.649999618530273,26.40999984741211,27.520000457763672,26.549999237060547,21898800.0,19.574129104614258
2008-03-03,27.18000030517578,26.299999237060547,26.5,27.09000015258789,19162200.0,19.97224998474121
2008-03-04,27.049999237060547,26.5,26.790000915527344,26.8700008392334,15672300.0,19.810056686401367
2008-03-05,27.56999969482422,26.5,27.0,26.760000228881836,18340500.0,19.728952407836914
2008-03-06,26.8799991607666,25.719999313354492,26.68000030517578,25.760000228881836,14345600.0,18.991703033447266
2008-03-07,26.420000076293945,25.18000030517578,25.479999542236328,25.8799991607666,15410100.0,19.080171585083008
2008-03-10,25.950000762939453,24.959999084472656,25.950000762939453,25.0,17188800.0,18.431385040283203
2008-03-11,26.219999313354492,25.280000686645508,25.850000381469727,26.200000762939453,22119800.0,19.49151611328125
2008-03-12,27.1299991607666,25.969999313354492,26.209999084472656,26.1299991607666,20008900.0,19.439441680908203
2008-03-13,26.65999984741211,25.479999542236328,26.049999237060547,26.479999542236328,20243000.0,19.699817657470703
2008-03-14,26.770000457763672,25.360000610351562,26.75,25.75,21473500.0,19.156742095947266
2008-03-17,26.020000457763672,24.8700008392334,25.110000610351562,25.700000762939453,21915500.0,19.119539260864258
2008-03-18,27.239999771118164,26.100000381469727,26.190000534057617,27.190000534057617,21428500.0,20.228025436401367
2008-03-19,28.020000457763672,26.809999465942383,27.139999389648438,26.84000015258789,23266600.0,19.967639923095703
2008-03-20,28.170000076293945,26.959999084472656,26.969999313354492,28.059999465942383,22243000.0,20.87526512145996
2008-03-24,30.0,28.1299991607666,28.1299991607666,29.260000228881836,25245600.0,21.768009185791016
2008-03-25,29.459999084472656,28.299999237060547,29.170000076293945,28.760000228881836,18463700.0,21.396034240722656
2008-03-26,28.549999237060547,27.940000534057617,28.549999237060547,28.15999984741211,14793500.0,20.94965934753418
2008-03-27,28.610000610351562,27.760000228881836,28.170000076293945,27.790000915527344,13212700.0,20.674396514892578
2008-03-28,27.8700008392334,27.280000686645508,27.600000381469727,27.3799991607666,15818700.0,20.3693790435791
2008-03-31,28.059999465942383,27.1299991607666,27.389999389648438,27.969999313354492,15593400.0,20.80830192565918
2008-04-01,29.579999923706055,28.100000381469727,28.200000762939453,29.489999771118164,20263800.0,21.939111709594727
2008-04-02,30.0,28.969999313354492,29.450000762939453,29.15999984741211,16090000.0,21.693607330322266
2008-04-03,29.489999771118164,28.670000076293945,29.020000457763672,29.219999313354492,11648300.0,21.73824691772461
2008-04-04,29.389999389648438,28.6200008392334,29.010000228881836,28.790000915527344,13520500.0,21.41834831237793
2008-04-07,29.09000015258789,28.350000381469727,28.950000762939453,28.5,10883600.0,21.20260238647461
2008-04-08,28.43000030517578,27.959999084472656,28.200000762939453,28.18000030517578,11547400.0,20.964536666870117
2008-04-09,28.25,27.399999618530273,28.149999618530273,27.670000076293945,13431800.0,20.585126876831055
2008-04-10,28.850000381469727,27.6200008392334,27.6200008392334,28.3799991607666,19890600.0,21.113327026367188
2008-04-11,28.670000076293945,27.989999771118164,27.989999771118164,28.170000076293945,12688100.0,20.957103729248047
2008-04-14,28.3799991607666,27.84000015258789,28.110000610351562,27.90999984741211,8104500.0,20.763669967651367
2008-04-15,28.100000381469727,27.5,28.100000381469727,27.93000030517578,9872000.0,20.778549194335938
2008-04-16,28.219999313354492,27.649999618530273,28.049999237060547,28.020000457763672,12137900.0,20.845508575439453
2008-04-17,28.209999084472656,27.860000610351562,28.0,28.1200008392334,9241200.0,20.919904708862305
2008-04-18,28.8799991607666,28.209999084472656,28.209999084472656,28.68000030517578,12670000.0,21.33651351928711
2008-04-21,29.170000076293945,28.110000610351562,28.5,28.979999542236328,16470500.0,21.559694290161133
2008-04-22,29.239999771118164,28.270000457763672,28.899999618530273,28.520000457763672,20109900.0,21.21748161315918
2008-04-23,28.690000534057617,28.020000457763672,28.68000030517578,28.1299991607666,15925000.0,20.927339553833008
2008-04-24,29.25,28.1200008392334,28.1200008392334,28.920000076293945,21726200.0,21.515058517456055
2008-04-25,29.809999465942383,28.799999237060547,29.010000228881836,29.780000686645508,19656600.0,22.154857635498047
2008-04-28,30.15999984741211,29.219999313354492,29.610000610351562,29.729999542236328,13374300.0,22.117660522460938
2008-04-29,29.969999313354492,29.1200008392334,29.6299991607666,29.360000610351562,10969000.0,21.8424015045166
2008-04-30,29.649999618530273,28.739999771118164,29.360000610351562,28.799999237060547,15221000.0,21.42578125
2008-05-01,30.459999084472656,29.010000228881836,29.09000015258789,29.8700008392334,26628800.0,22.221818923950195
2008-05-02,30.5,29.829999923706055,30.399999618530273,30.1200008392334,19294300.0,22.407800674438477
2008-05-05,30.040000915527344,29.229999542236328,29.889999389648438,29.3700008392334,15897800.0,21.849838256835938
2008-05-06,29.329999923706055,28.709999084472656,29.280000686645508,29.280000686645508,14309000.0,21.782880783081055
2008-05-07,29.479999542236328,28.479999542236328,29.25,28.559999465942383,14745400.0,21.247241973876953
2008-05-08,28.780000686645508,27.790000915527344,28.610000610351562,27.920000076293945,19465900.0,20.7711124420166
2008-05-09,28.440000534057617,27.6299991607666,27.81999969482422,27.979999542236328,13031400.0,20.815744400024414
2008-05-12,28.709999084472656,28.010000228881836,28.010000228881836,28.639999389648438,12314100.0,21.306758880615234
2008-05-13,28.969999313354492,28.5,28.65999984741211,28.75,10391900.0,21.388593673706055
2008-05-14,29.530000686645508,28.75,28.8799991607666,29.1200008392334,12094200.0,21.663848876953125
2008-05-15,29.549999237060547,28.760000228881836,29.09000015258789,29.530000686645508,11044900.0,21.968875885009766
2008-05-16,29.850000381469727,28.75,29.850000381469727,29.100000381469727,13246300.0,21.64897346496582
2008-05-19,29.3799991607666,28.520000457763672,28.649999618530273,28.8700008392334,13893700.0,21.47786521911621
2008-05-20,28.190000534057617,27.0,28.040000915527344,27.3700008392334,39809400.0,20.3619384765625
2008-05-21,27.489999771118164,26.799999237060547,27.31999969482422,26.93000030517578,29274700.0,20.03460121154785
2008-05-22,27.190000534057617,26.709999084472656,26.84000015258789,26.90999984741211,15894100.0,20.019716262817383
2008-05-23,26.989999771118164,26.280000686645508,26.84000015258789,26.770000457763672,17324800.0,19.91556739807129
2008-05-27,27.530000686645508,26.709999084472656,26.899999618530273,27.280000686645508,21412600.0,20.294984817504883
2008-05-28,27.850000381469727,27.219999313354492,27.59000015258789,27.43000030517578,13242200.0,20.406574249267578
2008-05-29,27.8700008392334,27.290000915527344,27.350000381469727,27.709999084472656,13855400.0,20.61488151550293
2008-05-30,27.75,27.350000381469727,27.75,27.360000610351562,11714900.0,20.354503631591797
2008-06-02,27.600000381469727,26.799999237060547,27.40999984741211,27.15999984741211,15497700.0,20.20570945739746
2008-06-03,27.25,26.709999084472656,27.049999237060547,27.09000015258789,15232800.0,20.321983337402344
2008-06-04,27.5,26.8700008392334,27.06999969482422,27.18000030517578,17537800.0,20.389501571655273
2008-06-05,28.1299991607666,27.399999618530273,27.420000076293945,27.90999984741211,20265500.0,20.937114715576172
2008-06-06,27.690000534057617,27.100000381469727,27.450000762939453,27.18000030517578,19366500.0,20.389501571655273
2008-06-09,27.649999618530273,26.420000076293945,27.219999313354492,26.540000915527344,17695600.0,19.909395217895508
2008-06-10,26.950000762939453,26.09000015258789,26.389999389648438,26.709999084472656,17878700.0,20.03692054748535
2008-06-11,26.81999969482422,25.850000381469727,26.709999084472656,25.90999984741211,19163100.0,19.436782836914062
2008-06-12,26.8799991607666,26.040000915527344,26.040000915527344,26.479999542236328,15099500.0,19.864381790161133
2008-06-13,27.579999923706055,26.649999618530273,26.690000534057617,27.530000686645508,16052200.0,20.652061462402344
2008-06-16,27.68000030517578,27.139999389648438,27.469999313354492,27.5,12418600.0,20.629549026489258
2008-06-17,27.729999542236328,26.799999237060547,27.549999237060547,26.8700008392334,12272500.0,20.156953811645508
2008-06-18,26.8700008392334,26.31999969482422,26.65999984741211,26.549999237060547,13989600.0,19.91689109802246
2008-06-19,27.290000915527344,26.559999465942383,26.559999465942383,27.18000030517578,16005900.0,20.389501571655273
2008-06-20,27.18000030517578,26.1200008392334,27.030000686645508,26.25,17186900.0,19.69184684753418
2008-06-23,26.399999618530273,24.899999618530273,26.399999618530273,25.059999465942383,22900000.0,18.799150466918945
2008-06-24,25.75,24.829999923706055,25.09000015258789,25.309999465942383,18579100.0,18.986684799194336
2008-06-25,26.3799991607666,25.260000228881836,25.40999984741211,25.469999313354492,19925800.0,19.106719970703125
2008-06-26,25.3700008392334,24.610000610351562,25.229999542236328,24.65999984741211,18896500.0,18.49907684326172
2008-06-27,24.700000762939453,23.90999984741211,24.65999984741211,24.020000457763672,22343700.0,18.018978118896484
2008-06-30,24.360000610351562,23.31999969482422,24.020000457763672,23.420000076293945,19582700.0,17.568878173828125
2008-07-01,23.389999389648438,22.520000457763672,23.110000610351562,23.209999084472656,21993700.0,17.41133689880371
2008-07-02,23.5,22.469999313354492,23.25,22.520000457763672,22753400.0,16.89373016357422
2008-07-03,22.959999084472656,22.350000381469727,22.670000076293945,22.540000915527344,11321500.0,16.908735275268555
2008-07-07,23.190000534057617,22.020000457763672,22.649999618530273,22.31999969482422,20770400.0,16.743698120117188
2008-07-08,23.06999969482422,22.299999237060547,22.309999465942383,23.040000915527344,17205000.0,17.283811569213867
2008-07-09,23.110000610351562,22.299999237060547,23.110000610351562,22.3700008392334,13390800.0,16.78120231628418
2008-07-10,22.510000228881836,21.709999084472656,22.40999984741211,21.8700008392334,18560300.0,16.40612030029297
2008-07-11,22.1299991607666,21.0,21.579999923706055,21.579999923706055,27126500.0,16.18857192993164
2008-07-14,22.0,21.299999237060547,21.899999618530273,21.530000686645508,12911800.0,16.151060104370117
2008-07-15,21.889999389648438,20.760000228881836,21.389999389648438,21.459999084472656,20546400.0,16.098552703857422
2008-07-16,22.729999542236328,21.209999084472656,21.530000686645508,22.68000030517578,19572400.0,17.013751983642578
2008-07-17,23.709999084472656,22.049999237060547,22.790000915527344,23.3799991607666,22340200.0,17.53887176513672
2008-07-18,23.81999969482422,22.700000762939453,23.81999969482422,23.440000534057617,15882800.0,17.583877563476562
2008-07-21,23.790000915527344,22.920000076293945,23.6200008392334,23.1200008392334,13685300.0,17.34382438659668
2008-07-22,24.100000381469727,22.860000610351562,23.0,23.950000762939453,17808300.0,17.966463088989258
2008-07-23,25.850000381469727,23.760000228881836,23.760000228881836,25.030000686645508,26441300.0,18.776641845703125
2008-07-24,25.1299991607666,23.93000030517578,25.0,24.020000457763672,16362800.0,18.018978118896484
2008-07-25,24.8799991607666,23.559999465942383,24.110000610351562,23.799999237060547,14512500.0,17.853940963745117
2008-07-28,24.09000015258789,23.06999969482422,23.440000534057617,23.15999984741211,11420200.0,17.373830795288086
2008-07-29,24.440000534057617,23.239999771118164,23.299999237060547,24.329999923706055,15479200.0,18.251523971557617
2008-07-30,25.0,23.299999237060547,24.700000762939453,23.739999771118164,19262100.0,17.808931350708008
2008-07-31,24.549999237060547,23.489999771118164,23.579999923706055,23.829999923706055,18557500.0,17.87644386291504
2008-08-01,24.209999084472656,22.81999969482422,24.030000686645508,23.899999618530273,11920700.0,17.928951263427734
2008-08-04,24.18000030517578,23.510000228881836,23.81999969482422,23.889999389648438,10556200.0,17.92145538330078
2008-08-05,24.940000534057617,24.100000381469727,24.100000381469727,24.889999389648438,14371000.0,18.67161750793457
2008-08-06,25.0,24.399999618530273,24.5,24.899999618530273,15075400.0,18.679115295410156
2008-08-07,24.899999618530273,24.31999969482422,24.700000762939453,24.479999542236328,13603900.0,18.364046096801758
2008-08-08,26.520000457763672,24.5,24.5,26.3700008392334,25506600.0,19.78186798095703
2008-08-11,28.75,26.049999237060547,26.260000228881836,27.510000228881836,53932100.0,20.63705825805664
2008-08-12,27.760000228881836,27.18000030517578,27.350000381469727,27.479999542236328,27222900.0,20.614545822143555
2008-08-13,27.489999771118164,26.1200008392334,27.31999969482422,26.520000457763672,21870300.0,19.894386291503906
2008-08-14,27.850000381469727,26.209999084472656,26.229999542236328,27.170000076293945,17365400.0,20.381994247436523
2008-08-15,27.739999771118164,27.100000381469727,27.200000762939453,27.530000686645508,23269100.0,20.652061462402344
2008-08-18,28.100000381469727,26.56999969482422,27.760000228881836,26.959999084472656,22175300.0,20.22446060180664
2008-08-19,27.079999923706055,25.93000030517578,26.979999542236328,25.959999084472656,30629300.0,19.474292755126953
2008-08-20,26.440000534057617,25.670000076293945,26.010000228881836,25.969999313354492,19012500.0,19.481801986694336
2008-08-21,26.68000030517578,25.510000228881836,25.600000381469727,26.56999969482422,18816700.0,19.931896209716797
2008-08-22,27.149999618530273,26.579999923706055,26.690000534057617,27.110000610351562,13319700.0,20.336994171142578
2008-08-25,27.040000915527344,26.510000228881836,26.979999542236328,26.559999465942383,13088300.0,19.924402236938477
2008-08-26,27.079999923706055,26.149999618530273,26.530000686645508,27.020000457763672,16797600.0,20.269472122192383
2008-08-27,27.479999542236328,26.600000381469727,27.020000457763672,27.170000076293945,13091000.0,20.381994247436523
2008-08-28,27.639999389648438,26.989999771118164,27.40999984741211,27.420000076293945,13626200.0,20.569543838500977
2008-08-29,27.479999542236328,27.020000457763672,27.219999313354492,27.1200008392334,12520800.0,20.344484329223633
2008-09-02,28.68000030517578,27.649999618530273,27.649999618530273,28.06999969482422,27655200.0,21.233304977416992
2008-09-03,29.399999618530273,27.90999984741211,27.940000534057617,29.329999923706055,39057000.0,22.18642234802246
2008-09-04,29.170000076293945,28.459999084472656,28.950000762939453,28.56999969482422,31607400.0,21.611526489257812
2008-09-05,28.790000915527344,28.030000686645508,28.31999969482422,28.59000015258789,25053100.0,21.62666130065918
2008-09-08,30.739999771118164,29.709999084472656,29.799999237060547,30.15999984741211,41467300.0,22.814268112182617
2008-09-09,30.610000610351562,29.1299991607666,30.18000030517578,29.149999618530273,35965400.0,22.050264358520508
2008-09-10,29.530000686645508,28.770000457763672,29.34000015258789,29.100000381469727,19819300.0,22.01244354248047
2008-09-11,29.520000457763672,28.360000610351562,28.549999237060547,29.5,27556200.0,22.315019607543945
2008-09-12,29.31999969482422,28.5,29.170000076293945,28.799999237060547,25732100.0,21.78550910949707
2008-09-15,29.079999923706055,27.520000457763672,27.520000457763672,28.5,27620000.0,21.558578491210938
2008-09-16,28.399999618530273,27.469999313354492,27.889999389648438,27.579999923706055,42932600.0,20.862653732299805
2008-09-17,26.989999771118164,25.559999465942383,26.84000015258789,25.6200008392334,42981300.0,19.38002586364746
2008-09-18,27.5,24.450000762939453,26.0,26.950000762939453,42121100.0,20.38609504699707
2008-09-19,29.690000534057617,26.149999618530273,29.110000610351562,27.3700008392334,32616200.0,20.70380210876465
2008-09-22,27.719999313354492,25.290000915527344,27.40999984741211,25.6200008392334,24649000.0,19.38002586364746
2008-09-23,26.25,25.149999618530273,25.670000076293945,25.260000228881836,22392700.0,19.107707977294922
2008-09-24,25.56999969482422,24.579999923706055,25.520000457763672,25.020000457763672,20665700.0,18.926162719726562
2008-09-25,25.940000534057617,25.020000457763672,25.25,25.799999237060547,22970800.0,19.51618766784668
2008-09-26,26.489999771118164,24.93000030517578,24.93000030517578,26.459999084472656,17008500.0,20.015430450439453
2008-09-29,26.6200008392334,24.440000534057617,25.989999771118164,24.989999771118164,28057100.0,18.90346336364746
2008-09-30,25.950000762939453,24.709999084472656,25.65999984741211,25.889999389648438,23152800.0,19.584259033203125
2008-10-01,26.09000015258789,25.299999237060547,25.520000457763672,25.920000076293945,20739900.0,19.606958389282227
2008-10-02,26.059999465942383,24.68000030517578,25.709999084472656,24.860000610351562,18545900.0,18.805130004882812
2008-10-03,25.309999465942383,23.719999313354492,25.100000381469727,23.809999465942383,27243600.0,18.0108699798584
2008-10-06,23.399999618530273,21.770000457763672,23.139999389648438,22.81999969482422,36436400.0,17.261991500854492
2008-10-07,23.719999313354492,21.68000030517578,23.1200008392334,21.889999389648438,34193300.0,16.558502197265625
2008-10-08,22.459999084472656,20.760000228881836,21.15999984741211,21.170000076293945,35105500.0,16.013864517211914
2008-10-09,21.479999542236328,19.709999084472656,21.309999465942383,19.93000030517578,29596900.0,15.075873374938965
2008-10-10,21.309999465942383,17.049999237060547,18.700000762939453,19.75,49333700.0,14.939714431762695
2008-10-13,21.809999465942383,20.25,20.510000228881836,21.709999084472656,24678100.0,16.422338485717773
2008-10-14,22.799999237060547,20.389999389648438,22.649999618530273,21.06999969482422,26867500.0,15.938220977783203
2008-10-15,21.18000030517578,19.5,20.8700008392334,19.829999923706055,26416300.0,15.00023078918457
2008-10-16,20.010000228881836,18.020000457763672,19.5,19.700000762939453,38445400.0,14.901895523071289
2008-10-17,20.700000762939453,18.959999084472656,19.18000030517578,20.209999084472656,26629800.0,15.287677764892578
2008-10-20,21.0,20.110000610351562,20.469999313354492,20.780000686645508,18408800.0,15.718852996826172
2008-10-21,21.459999084472656,20.309999465942383,20.5,20.520000457763672,15135300.0,15.52217960357666
2008-10-22,20.229999542236328,18.969999313354492,20.040000915527344,19.469999313354492,23827700.0,14.727909088134766
2008-10-23,19.799999237060547,18.010000228881836,19.459999084472656,19.059999465942383,29497600.0,14.417768478393555
2008-10-24,19.0,17.579999923706055,17.899999618530273,18.510000228881836,22524500.0,14.001728057861328
2008-10-27,19.5,18.010000228881836,18.010000228881836,18.90999984741211,21744700.0,14.304302215576172
2008-10-28,21.639999389648438,18.670000076293945,19.170000076293945,21.56999969482422,28156400.0,16.31644630432129
2008-10-29,23.18000030517578,20.739999771118164,21.25,21.649999618530273,32328400.0,16.376955032348633
2008-10-30,22.93000030517578,21.889999389648438,22.219999313354492,22.719999313354492,21072800.0,17.18634796142578
2008-10-31,24.030000686645508,22.299999237060547,22.700000762939453,23.59000015258789,21720300.0,17.844449996948242
2008-11-03,23.59000015258789,22.110000610351562,23.479999542236328,22.219999313354492,17940200.0,16.808120727539062
2008-11-04,23.489999771118164,22.15999984741211,22.690000534057617,23.389999389648438,24131800.0,17.693159103393555
2008-11-05,23.329999923706055,22.059999465942383,23.0,22.149999618530273,22260700.0,16.755172729492188
2008-11-06,22.809999465942383,20.68000030517578,21.899999618530273,20.93000030517578,25524300.0,15.832313537597656
2008-11-07,21.790000915527344,20.700000762939453,21.049999237060547,21.059999465942383,19600100.0,15.930659294128418
2008-11-10,21.709999084472656,20.459999084472656,21.530000686645508,20.739999771118164,14073700.0,15.688593864440918
2008-11-11,21.469999313354492,19.940000534057617,20.389999389648438,20.510000228881836,17405400.0,15.51461124420166
2008-11-12,20.34000015258789,19.6200008392334,19.860000610351562,19.799999237060547,18189400.0,14.977533340454102
2008-11-13,22.3700008392334,19.149999618530273,19.889999389648438,22.229999542236328,28059400.0,16.815692901611328
2008-11-14,22.639999389648438,20.31999969482422,21.739999771118164,20.540000915527344,24957300.0,15.537301063537598
2008-11-17,20.989999771118164,19.739999771118164,19.920000076293945,20.0,22643100.0,15.128822326660156
2008-11-18,21.420000076293945,19.940000534057617,20.65999984741211,20.709999084472656,32638500.0,15.66589641571045
2008-11-19,21.260000228881836,19.600000381469727,20.479999542236328,19.760000228881836,21970500.0,14.947284698486328
2008-11-20,20.290000915527344,18.309999465942383,19.440000534057617,18.520000457763672,32825000.0,14.009297370910645
2008-11-21,19.34000015258789,17.459999084472656,18.81999969482422,19.290000915527344,38361300.0,14.591761589050293
2008-11-24,21.90999984741211,18.860000610351562,19.6200008392334,21.420000076293945,31820400.0,16.202972412109375
2008-11-25,22.450000762939453,21.200000762939453,21.6299991607666,22.25,31618500.0,16.830820083618164
2008-11-26,23.780000686645508,21.549999237060547,21.549999237060547,23.549999237060547,25401900.0,17.814193725585938
2008-11-28,23.790000915527344,22.729999542236328,23.40999984741211,23.110000610351562,10272300.0,17.481361389160156
2008-12-01,23.0,21.1299991607666,22.549999237060547,21.209999084472656,26816900.0,16.04412078857422
2008-12-02,21.950000762939453,20.649999618530273,21.520000457763672,21.850000381469727,23835800.0,16.70545768737793
2008-12-03,22.8799991607666,21.059999465942383,21.31999969482422,22.760000228881836,32948500.0,17.401203155517578
2008-12-04,24.31999969482422,22.280000686645508,22.469999313354492,23.219999313354492,30083600.0,17.752897262573242
2008-12-05,24.540000915527344,22.700000762939453,22.829999923706055,24.399999618530273,32975900.0,18.655065536499023
2008-12-08,25.190000534057617,24.049999237060547,24.969999313354492,24.25,28815400.0,18.540374755859375
2008-12-09,24.739999771118164,22.850000381469727,23.889999389648438,23.200000762939453,26321100.0,17.73760223388672
2008-12-10,24.43000030517578,23.010000228881836,23.389999389648438,24.290000915527344,18719700.0,18.570966720581055
2008-12-11,24.1299991607666,22.799999237060547,23.8700008392334,22.989999771118164,18390900.0,17.577043533325195
2008-12-12,23.719999313354492,22.15999984741211,22.309999465942383,23.469999313354492,20831300.0,17.94402503967285
2008-12-15,23.8700008392334,23.040000915527344,23.6200008392334,23.40999984741211,14736800.0,17.89815902709961
2008-12-16,24.59000015258789,22.8799991607666,23.729999542236328,24.31999969482422,26188100.0,18.593900680541992
2008-12-17,25.110000610351562,23.899999618530273,24.010000228881836,24.700000762939453,20068300.0,18.884429931640625
2008-12-18,25.06999969482422,24.049999237060547,24.799999237060547,24.450000762939453,22105800.0,18.69329261779785
2008-12-19,25.0,23.829999923706055,24.81999969482422,24.219999313354492,23095200.0,18.517438888549805
2008-12-22,24.1299991607666,23.15999984741211,24.09000015258789,23.729999542236328,13244400.0,18.1428165435791
2008-12-23,23.989999771118164,23.489999771118164,23.59000015258789,23.6200008392334,13559600.0,18.058712005615234
2008-12-24,24.110000610351562,23.6200008392334,23.690000534057617,23.729999542236328,3976000.0,18.1428165435791
2008-12-26,24.0,23.40999984741211,23.610000610351562,23.559999465942383,4461200.0,18.012842178344727
2008-12-29,23.700000762939453,23.0,23.540000915527344,23.360000610351562,8461500.0,17.859926223754883
2008-12-30,23.690000534057617,22.690000534057617,23.5,23.110000610351562,14896900.0,17.66879653930664
2008-12-31,23.799999237060547,22.969999313354492,23.139999389648438,23.020000457763672,15143500.0,17.5999813079834
2009-01-02,24.190000534057617,22.959999084472656,23.06999969482422,24.1299991607666,14902500.0,18.448631286621094
2009-01-05,24.8799991607666,23.809999465942383,24.020000457763672,24.709999084472656,22570900.0,18.892074584960938
2009-01-06,25.489999771118164,24.6200008392334,24.940000534057617,25.260000228881836,22856600.0,19.312583923339844
2009-01-07,25.15999984741211,24.43000030517578,24.8700008392334,24.56999969482422,19857300.0,18.7850341796875
2009-01-08,24.459999084472656,23.700000762939453,24.1200008392334,24.389999389648438,17319800.0,18.647415161132812
2009-01-09,24.479999542236328,23.540000915527344,24.479999542236328,23.860000610351562,16927400.0,18.242210388183594
2009-01-12,23.959999084472656,22.6200008392334,23.850000381469727,22.969999313354492,23560200.0,17.56175422668457
2009-01-13,23.100000381469727,22.25,22.959999084472656,22.510000228881836,20440300.0,17.210058212280273
2009-01-14,22.260000228881836,21.68000030517578,22.149999618530273,21.90999984741211,20531200.0,16.75132942199707
2009-01-15,23.309999465942383,21.65999984741211,21.920000076293945,22.809999465942383,25999400.0,17.43943214416504
2009-01-16,23.3799991607666,22.56999969482422,23.34000015258789,23.200000762939453,20942600.0,17.73760223388672
2009-01-20,23.200000762939453,21.84000015258789,22.899999618530273,21.989999771118164,20339500.0,16.812496185302734
2009-01-21,22.440000534057617,21.600000381469727,22.290000915527344,22.280000686645508,19667200.0,17.034212112426758
2009-01-22,22.350000381469727,21.489999771118164,21.90999984741211,21.969999313354492,22725600.0,16.797204971313477
2009-01-23,21.979999542236328,21.299999237060547,21.3799991607666,21.719999313354492,20867100.0,16.60606575012207
2009-01-26,23.139999389648438,22.049999237060547,22.100000381469727,22.729999542236328,34329500.0,17.37826156616211
2009-01-27,22.889999389648438,21.809999465942383,22.739999771118164,22.1200008392334,21691000.0,16.911890029907227
2009-01-28,23.229999542236328,22.299999237060547,22.59000015258789,23.0,20543500.0,17.58469009399414
2009-01-29,23.079999923706055,21.90999984741211,22.5,22.0,18030700.0,16.820138931274414
2009-01-30,22.350000381469727,21.350000381469727,22.219999313354492,21.530000686645508,27041800.0,16.460800170898438
2009-02-02,22.09000015258789,21.110000610351562,21.209999084472656,21.56999969482422,17971800.0,16.49138832092285
2009-02-03,22.040000915527344,20.829999923706055,21.969999313354492,21.920000076293945,17471100.0,16.758975982666016
2009-02-04,22.06999969482422,21.5,21.6299991607666,21.729999542236328,18486300.0,16.613712310791016
2009-02-05,22.450000762939453,21.360000610351562,21.479999542236328,22.399999618530273,24668100.0,17.12596321105957
2009-02-06,23.850000381469727,22.3700008392334,22.389999389648438,23.530000686645508,31085500.0,17.989906311035156
2009-02-09,23.6299991607666,22.559999465942383,23.469999313354492,23.09000015258789,16315200.0,17.653507232666016
2009-02-10,23.229999542236328,22.0,22.899999618530273,22.209999084472656,21897800.0,16.980697631835938
2009-02-11,22.5,21.899999618530273,22.360000610351562,22.139999389648438,17896200.0,16.927175521850586
2009-02-12,22.059999465942383,21.149999618530273,21.700000762939453,21.979999542236328,23454000.0,16.804853439331055
2009-02-13,22.15999984741211,21.200000762939453,21.780000686645508,21.219999313354492,18598200.0,16.223785400390625
2009-02-17,20.75,19.860000610351562,20.700000762939453,19.940000534057617,35715200.0,15.245162010192871
2009-02-18,20.260000228881836,19.43000030517578,20.25,19.799999237060547,23374800.0,15.138128280639648
2009-02-19,20.440000534057617,19.93000030517578,19.950000762939453,20.15999984741211,20353800.0,15.413361549377441
2009-02-20,20.25,19.170000076293945,19.68000030517578,19.459999084472656,29576700.0,14.878181457519531
2009-02-23,19.84000015258789,18.239999771118164,19.43000030517578,18.709999084472656,26930200.0,14.304768562316895
2009-02-24,20.780000686645508,19.440000534057617,19.649999618530273,20.670000076293945,37719500.0,15.8032808303833
2009-02-25,20.780000686645508,20.010000228881836,20.350000381469727,20.309999465942383,27022900.0,15.52804183959961
2009-02-26,20.889999389648438,20.329999923706055,20.549999237060547,20.639999389648438,22728900.0,15.780343055725098
2009-02-27,21.280000686645508,20.170000076293945,20.170000076293945,20.889999389648438,23320600.0,15.971491813659668
2009-03-02,20.950000762939453,19.84000015258789,20.350000381469727,19.920000076293945,25493600.0,15.229874610900879
2009-03-03,19.950000762939453,18.760000228881836,19.579999923706055,18.889999389648438,29268800.0,14.442380905151367
2009-03-04,19.3700008392334,18.700000762939453,18.989999771118164,19.010000228881836,22093200.0,14.534128189086914
2009-03-05,19.18000030517578,18.0,18.510000228881836,18.149999618530273,23774300.0,13.876615524291992
2009-03-06,18.600000381469727,17.540000915527344,18.299999237060547,18.0,25862900.0,13.76193618774414
2009-03-09,18.950000762939453,17.489999771118164,17.739999771118164,18.229999542236328,28387300.0,13.93778133392334
2009-03-10,19.579999923706055,18.260000228881836,18.34000015258789,19.420000076293945,25527600.0,15.033133506774902
2009-03-11,19.920000076293945,19.200000762939453,19.420000076293945,19.68000030517578,21666600.0,15.234405517578125
2009-03-12,20.450000762939453,19.280000686645508,19.649999618530273,20.329999923706055,17504200.0,15.737580299377441
2009-03-13,21.0,19.799999237060547,20.440000534057617,20.709999084472656,22210800.0,16.031734466552734
2009-03-16,21.059999465942383,20.059999465942383,20.729999542236328,20.139999389648438,17034600.0,15.590498924255371
2009-03-17,21.489999771118164,20.34000015258789,20.5,21.479999542236328,25333900.0,16.627798080444336
2009-03-18,22.84000015258789,21.049999237060547,21.299999237060547,22.579999923706055,31811800.0,17.479318618774414
2009-03-19,22.84000015258789,22.200000762939453,22.520000457763672,22.440000534057617,22955200.0,17.37093734741211
2009-03-20,22.729999542236328,21.760000228881836,22.59000015258789,22.15999984741211,22361800.0,17.154190063476562
2009-03-23,23.280000686645508,22.170000076293945,22.43000030517578,23.25,22873800.0,17.997968673706055
2009-03-24,23.469999313354492,22.8799991607666,23.030000686645508,22.950000762939453,20462800.0,17.765735626220703
2009-03-25,23.950000762939453,22.770000457763672,23.270000457763672,23.280000686645508,33358900.0,18.021188735961914
2009-03-26,24.360000610351562,23.530000686645508,23.809999465942383,24.139999389648438,28080900.0,18.686918258666992
2009-03-27,24.100000381469727,23.329999923706055,23.81999969482422,23.6299991607666,18856900.0,18.29212188720703
2009-03-30,23.459999084472656,22.65999984741211,23.239999771118164,23.3799991607666,21579600.0,18.098600387573242
2009-03-31,23.770000457763672,22.639999389648438,23.520000457763672,23.559999465942383,27463300.0,18.237939834594727
2009-04-01,23.889999389648438,22.920000076293945,23.149999618530273,23.829999923706055,21365000.0,18.446943283081055
2009-04-02,25.239999771118164,24.239999771118164,24.309999465942383,24.770000457763672,30264800.0,19.17460823059082
2009-04-03,25.1299991607666,24.34000015258789,24.690000534057617,25.0,20294400.0,19.352651596069336
2009-04-06,25.030000686645508,24.459999084472656,24.780000686645508,24.850000381469727,17140400.0,19.23653221130371
2009-04-07,24.639999389648438,24.1299991607666,24.469999313354492,24.3700008392334,16837400.0,18.864961624145508
2009-04-08,25.309999465942383,24.690000534057617,24.690000534057617,25.1200008392334,18547600.0,19.4455509185791
2009-04-09,25.959999084472656,25.440000534057617,25.559999465942383,25.899999618530273,20316000.0,20.049352645874023
2009-04-13,26.100000381469727,25.579999923706055,25.6299991607666,25.959999084472656,11593400.0,20.095792770385742
2009-04-14,25.68000030517578,25.049999237060547,25.59000015258789,25.34000015258789,14961600.0,19.615846633911133
2009-04-15,25.75,25.100000381469727,25.219999313354492,25.670000076293945,17464000.0,19.871299743652344
2009-04-16,26.15999984741211,25.280000686645508,25.780000686645508,25.969999313354492,16673900.0,20.10353660583496
2009-04-17,26.469999313354492,25.25,26.15999984741211,26.100000381469727,21671300.0,20.204166412353516
2009-04-20,25.8700008392334,24.90999984741211,25.719999313354492,25.149999618530273,17480600.0,19.468772888183594
2009-04-21,26.049999237060547,24.780000686645508,25.200000762939453,25.8700008392334,20556600.0,20.026126861572266
2009-04-22,26.920000076293945,25.479999542236328,25.6299991607666,26.170000076293945,23918400.0,20.25835418701172
2009-04-23,26.219999313354492,25.309999465942383,25.959999084472656,25.760000228881836,17975100.0,19.94097137451172
2009-04-24,26.81999969482422,25.559999465942383,25.93000030517578,26.309999465942383,21857600.0,20.366727828979492
2009-04-27,26.299999237060547,25.600000381469727,25.899999618530273,25.8799991607666,14868400.0,20.03386878967285
2009-04-28,26.479999542236328,25.350000381469727,25.56999969482422,26.06999969482422,14949200.0,20.180946350097656
2009-04-29,26.850000381469727,26.020000457763672,26.270000457763672,26.34000015258789,21349300.0,20.38995933532715
2009-04-30,27.06999969482422,26.270000457763672,26.549999237060547,26.31999969482422,18251600.0,20.374469757080078
2009-05-01,26.579999923706055,25.510000228881836,26.579999923706055,25.770000457763672,15045800.0,19.94870948791504
2009-05-04,26.770000457763672,25.829999923706055,26.139999389648438,26.209999084472656,18075500.0,20.289316177368164
2009-05-05,26.399999618530273,25.93000030517578,26.18000030517578,26.190000534057617,11348800.0,20.27383804321289
2009-05-06,26.510000228881836,25.559999465942383,26.309999465942383,26.040000915527344,13892300.0,20.1577205657959
2009-05-07,26.34000015258789,25.309999465942383,26.190000534057617,25.610000610351562,20582800.0,19.824857711791992
2009-05-08,25.780000686645508,24.75,25.780000686645508,25.5,18467600.0,19.739704132080078
2009-05-11,25.25,24.540000915527344,24.809999465942383,24.93000030517578,17525200.0,19.29846954345703
2009-05-12,25.229999542236328,24.270000457763672,25.110000610351562,24.639999389648438,19437700.0,19.073974609375
2009-05-13,25.139999389648438,24.219999313354492,24.950000762939453,24.829999923706055,32337000.0,19.221052169799805
2009-05-14,25.15999984741211,24.479999542236328,25.020000457763672,24.530000686645508,15822700.0,18.988821029663086
2009-05-15,24.920000076293945,24.219999313354492,24.450000762939453,24.399999618530273,20385500.0,18.88819122314453
2009-05-18,26.149999618530273,25.360000610351562,25.65999984741211,26.020000457763672,26101700.0,20.14223861694336
2009-05-19,25.399999618530273,24.0,25.389999389648438,24.6299991607666,39888600.0,19.066234588623047
2009-05-20,25.0,23.559999465942383,24.850000381469727,23.829999923706055,31471700.0,18.446943283081055
2009-05-21,23.829999923706055,22.639999389648438,23.489999771118164,22.889999389648438,25534300.0,17.719284057617188
2009-05-22,23.239999771118164,22.600000381469727,23.200000762939453,22.860000610351562,15133800.0,17.696063995361328
2009-05-26,23.969999313354492,22.579999923706055,22.670000076293945,23.799999237060547,20313100.0,18.423723220825195
2009-05-27,24.209999084472656,23.209999084472656,23.899999618530273,23.329999923706055,18507500.0,18.05989646911621
2009-05-28,23.6299991607666,22.329999923706055,23.6299991607666,22.700000762939453,27154200.0,17.57221221923828
2009-05-29,23.190000534057617,22.649999618530273,22.989999771118164,23.15999984741211,18681600.0,17.928298950195312
2009-06-01,24.43000030517578,23.389999389648438,23.59000015258789,24.15999984741211,18094400.0,18.70240020751953
2009-06-02,24.799999237060547,23.829999923706055,23.959999084472656,24.5,18364400.0,18.965591430664062
2009-06-03,24.809999465942383,24.09000015258789,24.389999389648438,24.3700008392334,14453400.0,18.864961624145508
2009-06-04,24.649999618530273,23.75,24.389999389648438,24.56999969482422,15777400.0,19.0197811126709
2009-06-05,24.889999389648438,23.969999313354492,24.780000686645508,24.170000076293945,14749000.0,18.71014404296875
2009-06-08,24.780000686645508,24.0,24.239999771118164,24.559999465942383,13184500.0,19.012042999267578
2009-06-09,24.59000015258789,24.079999923706055,24.34000015258789,24.350000381469727,13033200.0,19.02376365661621
2009-06-10,25.1200008392334,24.190000534057617,25.059999465942383,24.389999389648438,24352000.0,19.055011749267578
2009-06-11,24.639999389648438,24.15999984741211,24.389999389648438,24.229999542236328,17911500.0,18.930015563964844
2009-06-12,24.239999771118164,23.829999923706055,24.190000534057617,24.149999618530273,18283600.0,18.867509841918945
2009-06-15,24.0,23.520000457763672,23.940000534057617,23.850000381469727,13946900.0,18.63313102722168
2009-06-16,23.979999542236328,23.170000076293945,23.860000610351562,23.200000762939453,17023400.0,18.12531089782715
2009-06-17,24.040000915527344,23.010000228881836,23.239999771118164,23.649999618530273,19015600.0,18.476879119873047
2009-06-18,23.760000228881836,23.260000228881836,23.729999542236328,23.350000381469727,11365200.0,18.242496490478516
2009-06-19,23.709999084472656,23.360000610351562,23.469999313354492,23.520000457763672,15209600.0,18.375314712524414
2009-06-22,23.639999389648438,23.15999984741211,23.3700008392334,23.25,12930800.0,18.164379119873047
2009-06-23,23.25,22.719999313354492,23.239999771118164,22.8799991607666,15209400.0,17.875303268432617
2009-06-24,23.15999984741211,22.530000686645508,23.149999618530273,22.68000030517578,14555600.0,17.71905517578125
2009-06-25,23.75,22.649999618530273,22.670000076293945,23.56999969482422,18940500.0,18.414379119873047
2009-06-26,24.059999465942383,23.420000076293945,23.469999313354492,23.610000610351562,18879400.0,18.44562530517578
2009-06-29,24.15999984741211,23.559999465942383,23.65999984741211,23.8700008392334,12322400.0,18.648761749267578
2009-06-30,24.010000228881836,23.350000381469727,23.920000076293945,23.6299991607666,12676800.0,18.46124839782715
2009-07-01,23.940000534057617,23.479999542236328,23.799999237060547,23.709999084472656,13277900.0,18.523754119873047
2009-07-02,23.709999084472656,22.75,23.3700008392334,22.809999465942383,13532900.0,17.82062339782715
2009-07-06,23.139999389648438,22.520000457763672,22.760000228881836,22.8799991607666,12638500.0,17.875303268432617
2009-07-07,22.90999984741211,22.31999969482422,22.90999984741211,22.399999618530273,15007900.0,17.500301361083984
2009-07-08,22.75,22.290000915527344,22.3799991607666,22.65999984741211,14710700.0,17.703432083129883
2009-07-09,22.969999313354492,22.329999923706055,22.850000381469727,22.68000030517578,14322200.0,17.71905517578125
2009-07-10,22.81999969482422,22.329999923706055,22.579999923706055,22.520000457763672,9814600.0,17.59404945373535
2009-07-13,23.139999389648438,22.270000457763672,22.510000228881836,23.110000610351562,17804800.0,18.055004119873047
2009-07-14,23.690000534057617,22.950000762939453,23.09000015258789,23.68000030517578,15595800.0,18.500314712524414
2009-07-15,24.139999389648438,23.639999389648438,23.8799991607666,24.079999923706055,13914400.0,18.812816619873047
2009-07-16,24.520000457763672,23.81999969482422,24.06999969482422,24.399999618530273,13633700.0,19.062828063964844
2009-07-17,24.75,24.31999969482422,24.600000381469727,24.670000076293945,15283300.0,19.273767471313477
2009-07-20,24.860000610351562,24.489999771118164,24.65999984741211,24.799999237060547,10165600.0,19.37533187866211
2009-07-21,24.899999618530273,24.1299991607666,24.8700008392334,24.459999084472656,13716300.0,19.10970687866211
2009-07-22,24.899999618530273,24.270000457763672,24.3700008392334,24.770000457763672,11348400.0,19.351896286010742
2009-07-23,25.510000228881836,24.510000228881836,24.760000228881836,25.280000686645508,20780700.0,19.750337600708008
2009-07-24,25.43000030517578,24.950000762939453,25.229999542236328,25.31999969482422,11246800.0,19.781587600708008
2009-07-27,25.31999969482422,24.780000686645508,25.25,25.15999984741211,13443900.0,19.65658187866211
2009-07-28,25.399999618530273,24.959999084472656,25.079999923706055,25.389999389648438,11689700.0,19.836273193359375
2009-07-29,25.649999618530273,25.1200008392334,25.3700008392334,25.389999389648438,11970200.0,19.836273193359375
2009-07-30,26.15999984741211,25.530000686645508,25.700000762939453,25.850000381469727,13545300.0,20.195659637451172
2009-07-31,26.190000534057617,25.799999237060547,25.84000015258789,25.940000534057617,11709000.0,20.265975952148438
2009-08-03,26.3799991607666,25.670000076293945,26.18000030517578,26.31999969482422,12022400.0,20.56285285949707
2009-08-04,26.440000534057617,26.079999923706055,26.15999984741211,26.290000915527344,10411100.0,20.539417266845703
2009-08-05,26.459999084472656,25.959999084472656,26.299999237060547,26.329999923706055,9996600.0,20.57066535949707
2009-08-06,26.739999771118164,26.170000076293945,26.399999618530273,26.540000915527344,13755000.0,20.734729766845703
2009-08-07,27.479999542236328,26.610000610351562,26.729999542236328,27.260000228881836,16415900.0,21.2972412109375
2009-08-10,27.239999771118164,26.770000457763672,27.18000030517578,27.100000381469727,10407600.0,21.172239303588867
2009-08-11,27.110000610351562,26.729999542236328,27.030000686645508,26.889999389648438,9524200.0,21.008174896240234
2009-08-12,27.530000686645508,26.75,26.799999237060547,27.200000762939453,13269600.0,21.250368118286133
2009-08-13,27.809999465942383,27.0,27.420000076293945,27.68000030517578,19973100.0,21.625377655029297
2009-08-14,27.75,26.899999618530273,27.670000076293945,27.139999389648438,15928500.0,21.203481674194336
2009-08-17,26.440000534057617,25.43000030517578,25.920000076293945,26.110000610351562,30714600.0,20.398784637451172
2009-08-18,27.299999237060547,26.56999969482422,26.950000762939453,26.93000030517578,35350300.0,21.0394229888916
2009-08-19,26.93000030517578,26.469999313354492,26.75,26.75,19453600.0,20.8987979888916
2009-08-20,26.809999465942383,26.5,26.790000915527344,26.68000030517578,14196700.0,20.844104766845703
2009-08-21,27.530000686645508,26.65999984741211,26.940000534057617,27.5,18664100.0,21.484743118286133
2009-08-24,27.729999542236328,26.940000534057617,27.729999542236328,27.030000686645508,16237900.0,21.117544174194336
2009-08-25,27.729999542236328,27.0,27.219999313354492,27.31999969482422,21848800.0,21.344114303588867
2009-08-26,27.940000534057617,27.219999313354492,27.280000686645508,27.56999969482422,15608400.0,21.539430618286133
2009-08-27,27.690000534057617,27.200000762939453,27.600000381469727,27.549999237060547,13446800.0,21.5238037109375
2009-08-28,27.760000228881836,27.239999771118164,27.68000030517578,27.690000534057617,12841400.0,21.633182525634766
2009-08-31,27.600000381469727,27.100000381469727,27.5,27.290000915527344,13091300.0,21.320676803588867
2009-09-01,27.479999542236328,26.6299991607666,27.010000228881836,26.739999771118164,15738800.0,21.06465721130371
2009-09-02,26.81999969482422,26.350000381469727,26.6200008392334,26.530000686645508,10684100.0,20.89923095703125
2009-09-03,26.90999984741211,26.43000030517578,26.610000610351562,26.899999618530273,9733200.0,21.190692901611328
2009-09-04,27.15999984741211,26.760000228881836,26.93000030517578,27.030000686645508,8150000.0,21.293109893798828
2009-09-08,27.56999969482422,27.040000915527344,27.229999542236328,27.479999542236328,12253300.0,21.647602081298828
2009-09-09,27.5,27.219999313354492,27.440000534057617,27.3799991607666,10679500.0,21.56882095336914
2009-09-10,27.59000015258789,27.219999313354492,27.399999618530273,27.530000686645508,9446400.0,21.686981201171875
2009-09-11,27.520000457763672,26.989999771118164,27.5,27.34000015258789,14667900.0,21.53731346130371
2009-09-14,27.65999984741211,27.09000015258789,27.15999984741211,27.510000228881836,8349400.0,21.67123031616211
2009-09-15,27.700000762939453,27.25,27.59000015258789,27.40999984741211,10045700.0,21.592451095581055
2009-09-16,28.209999084472656,27.559999465942383,27.639999389648438,28.059999465942383,17815700.0,22.104488372802734
2009-09-17,28.43000030517578,27.75,28.40999984741211,27.920000076293945,13318200.0,21.994213104248047
2009-09-18,28.440000534057617,28.0,28.010000228881836,28.229999542236328,15767900.0,22.23841094970703
2009-09-21,28.399999618530273,27.84000015258789,27.959999084472656,28.139999389648438,8915700.0,22.167516708374023
2009-09-22,28.309999465942383,27.479999542236328,28.239999771118164,27.6200008392334,14328500.0,21.757884979248047
2009-09-23,27.950000762939453,27.309999465942383,27.719999313354492,27.350000381469727,14091100.0,21.54518699645996
2009-09-24,27.540000915527344,26.889999389648438,27.520000457763672,27.040000915527344,12037700.0,21.300983428955078
2009-09-25,27.229999542236328,26.549999237060547,26.8799991607666,26.850000381469727,11859300.0,21.151308059692383
2009-09-28,27.43000030517578,26.899999618530273,26.950000762939453,27.260000228881836,6862900.0,21.474287033081055
2009-09-29,27.440000534057617,26.68000030517578,27.31999969482422,26.829999923706055,13765400.0,21.135547637939453
2009-09-30,26.940000534057617,26.31999969482422,26.940000534057617,26.639999389648438,16564800.0,20.98587989807129
2009-10-01,26.649999618530273,26.110000610351562,26.649999618530273,26.31999969482422,16260800.0,20.733795166015625
2009-10-02,26.270000457763672,25.8700008392334,26.149999618530273,26.030000686645508,13849200.0,20.505352020263672
2009-10-05,26.329999923706055,26.0,26.15999984741211,26.149999618530273,10168400.0,20.599882125854492
2009-10-06,26.479999542236328,26.18000030517578,26.309999465942383,26.290000915527344,14352000.0,20.71017074584961
2009-10-07,26.420000076293945,26.06999969482422,26.270000457763672,26.139999389648438,13455700.0,20.592004776000977
2009-10-08,27.059999465942383,26.3799991607666,26.40999984741211,26.889999389648438,16128300.0,21.182819366455078
2009-10-09,27.010000228881836,26.649999618530273,26.850000381469727,26.959999084472656,11117900.0,21.237960815429688
2009-10-12,27.440000534057617,27.010000228881836,27.100000381469727,27.040000915527344,11015900.0,21.300983428955078
2009-10-13,27.610000610351562,26.860000610351562,27.020000457763672,27.530000686645508,13896000.0,21.686981201171875
2009-10-14,28.020000457763672,27.31999969482422,27.760000228881836,27.3799991607666,17510700.0,21.56882095336914
2009-10-15,27.3700008392334,27.049999237060547,27.280000686645508,27.299999237060547,13350200.0,21.50580406188965
2009-10-16,27.3700008392334,26.84000015258789,27.149999618530273,27.260000228881836,12072000.0,21.474287033081055
2009-10-19,27.690000534057617,27.219999313354492,27.280000686645508,27.6299991607666,8302000.0,21.765762329101562
2009-10-20,27.670000076293945,26.860000610351562,27.329999923706055,26.969999313354492,12902600.0,21.24583625793457
2009-10-21,27.229999542236328,26.219999313354492,26.889999389648438,26.31999969482422,23488900.0,20.733795166015625
2009-10-22,26.850000381469727,26.049999237060547,26.209999084472656,26.719999313354492,14882100.0,21.048898696899414
2009-10-23,26.739999771118164,26.170000076293945,26.639999389648438,26.270000457763672,16329000.0,20.69440460205078
2009-10-26,26.540000915527344,26.0,26.299999237060547,26.100000381469727,17852200.0,20.560489654541016
2009-10-27,26.389999389648438,25.969999313354492,26.100000381469727,26.0,16016300.0,20.48171615600586
2009-10-28,26.0,25.15999984741211,25.989999771118164,25.209999084472656,22498500.0,19.859384536743164
2009-10-29,26.09000015258789,25.25,25.5,25.90999984741211,12980200.0,20.410816192626953
2009-10-30,25.899999618530273,24.959999084472656,25.829999923706055,25.09000015258789,19426300.0,19.76485252380371
2009-11-02,25.670000076293945,24.709999084472656,25.139999389648438,25.059999465942383,15585500.0,19.74122428894043
2009-11-03,25.280000686645508,24.469999313354492,24.90999984741211,25.0,17426600.0,19.69395637512207
2009-11-04,25.5,24.899999618530273,25.270000457763672,24.959999084472656,18645200.0,19.662445068359375
2009-11-05,25.809999465942383,25.1299991607666,25.18000030517578,25.6299991607666,15410500.0,20.19023895263672
2009-11-06,26.290000915527344,25.799999237060547,25.8700008392334,26.079999923706055,15066700.0,20.54473304748535
2009-11-09,26.8700008392334,26.200000762939453,26.309999465942383,26.809999465942383,13331200.0,21.119802474975586
2009-11-10,26.989999771118164,26.5,26.809999465942383,26.81999969482422,14851300.0,21.12767219543457
2009-11-11,27.450000762939453,27.049999237060547,27.149999618530273,27.309999465942383,18716700.0,21.513687133789062
2009-11-12,27.790000915527344,27.170000076293945,27.329999923706055,27.239999771118164,18713500.0,21.458538055419922
2009-11-13,27.549999237060547,26.8799991607666,27.260000228881836,27.34000015258789,14179800.0,21.53731346130371
2009-11-16,27.950000762939453,27.399999618530273,27.6299991607666,27.649999618530273,18782200.0,21.781517028808594
2009-11-17,27.299999237060547,26.350000381469727,27.100000381469727,26.989999771118164,31046300.0,21.261594772338867
2009-11-18,27.309999465942383,26.850000381469727,26.860000610351562,27.290000915527344,17834400.0,21.497926712036133
2009-11-19,27.239999771118164,26.799999237060547,27.209999084472656,27.110000610351562,11302700.0,21.356128692626953
2009-11-20,27.270000457763672,26.739999771118164,26.979999542236328,27.18000030517578,17600400.0,21.41126823425293
2009-11-23,27.600000381469727,27.229999542236328,27.3700008392334,27.510000228881836,18224600.0,21.67123031616211
2009-11-24,27.670000076293945,27.3799991607666,27.5,27.559999465942383,11705100.0,21.71061897277832
2009-11-25,27.889999389648438,27.280000686645508,27.56999969482422,27.850000381469727,11451600.0,21.939071655273438
2009-11-27,27.799999237060547,27.110000610351562,27.15999984741211,27.610000610351562,7517800.0,21.750009536743164
2009-11-30,27.75,26.959999084472656,27.59000015258789,27.360000610351562,16716700.0,21.553070068359375
2009-12-01,28.290000915527344,27.350000381469727,27.489999771118164,28.0,20488700.0,22.240129470825195
2009-12-02,28.479999542236328,28.0,28.030000686645508,28.329999923706055,17298300.0,22.502246856689453
2009-12-03,28.34000015258789,27.850000381469727,28.34000015258789,27.93000030517578,15502800.0,22.184526443481445
2009-12-04,28.5,27.950000762939453,28.43000030517578,28.079999923706055,16845500.0,22.30367088317871
2009-12-07,28.299999237060547,28.040000915527344,28.040000915527344,28.219999313354492,12664800.0,22.41486930847168
2009-12-08,28.110000610351562,27.540000915527344,28.079999923706055,27.670000076293945,15120500.0,21.97801971435547
2009-12-09,27.729999542236328,27.43000030517578,27.700000762939453,27.549999237060547,12481400.0,21.882694244384766
2009-12-10,28.100000381469727,27.760000228881836,27.780000686645508,27.989999771118164,11865000.0,22.2321834564209
2009-12-11,28.530000686645508,28.149999618530273,28.149999618530273,28.489999771118164,16327200.0,22.629323959350586
2009-12-14,29.0,28.600000381469727,28.81999969482422,28.8700008392334,11488900.0,22.9311580657959
2009-12-15,29.209999084472656,28.610000610351562,28.610000610351562,29.020000457763672,17012400.0,23.05030059814453
2009-12-16,29.3700008392334,28.899999618530273,29.1299991607666,28.959999084472656,13734200.0,23.002643585205078
2009-12-17,29.1200008392334,28.770000457763672,28.850000381469727,28.799999237060547,11472300.0,22.875558853149414
2009-12-18,29.020000457763672,28.420000076293945,28.979999542236328,28.649999618530273,17315800.0,22.75641441345215
2009-12-21,29.25,28.709999084472656,28.709999084472656,28.959999084472656,10009100.0,23.002643585205078
2009-12-22,29.420000076293945,28.959999084472656,29.049999237060547,29.290000915527344,11790600.0,23.26476287841797
2009-12-23,29.3799991607666,28.790000915527344,29.34000015258789,29.0,9789800.0,23.0344181060791
2009-12-24,29.239999771118164,28.989999771118164,29.18000030517578,29.170000076293945,3790100.0,23.16944694519043
2009-12-28,29.440000534057617,28.969999313354492,29.219999313354492,29.18000030517578,7299800.0,23.17739486694336
2009-12-29,29.309999465942383,28.790000915527344,29.15999984741211,29.270000457763672,6991500.0,23.248876571655273
2009-12-30,29.280000686645508,28.989999771118164,29.100000381469727,29.1299991607666,5703100.0,23.137678146362305
2009-12-31,29.3700008392334,28.889999389648438,29.09000015258789,28.93000030517578,7437100.0,22.97882080078125
2010-01-04,29.149999618530273,28.549999237060547,29.149999618530273,28.670000076293945,13120900.0,22.772300720214844
2010-01-05,28.989999771118164,28.290000915527344,28.729999542236328,28.8799991607666,15594300.0,22.939102172851562
2010-01-06,29.0,28.700000762939453,28.8799991607666,28.780000686645508,8833200.0,22.85967254638672
2010-01-07,29.219999313354492,28.729999542236328,28.860000610351562,29.1200008392334,12058200.0,23.12973403930664
2010-01-08,29.239999771118164,28.690000534057617,29.0,28.979999542236328,15609800.0,23.01853370666504
2010-01-11,29.020000457763672,28.079999923706055,29.0,28.15999984741211,23670500.0,22.367212295532227
2010-01-12,28.350000381469727,27.889999389648438,28.149999618530273,27.979999542236328,23075800.0,22.2242431640625
2010-01-13,28.25,28.0,28.0,28.1299991607666,15639100.0,22.343387603759766
2010-01-14,28.440000534057617,28.1200008392334,28.1200008392334,28.299999237060547,13208200.0,22.478408813476562
2010-01-15,28.690000534057617,28.0,28.309999465942383,28.56999969482422,23013500.0,22.692874908447266
2010-01-19,28.950000762939453,28.350000381469727,28.459999084472656,28.8799991607666,14170100.0,22.939102172851562
2010-01-20,28.84000015258789,28.350000381469727,28.700000762939453,28.65999984741211,13256400.0,22.76436424255371
2010-01-21,29.059999465942383,28.31999969482422,28.6299991607666,28.479999542236328,18900600.0,22.62138557434082
2010-01-22,28.549999237060547,27.68000030517578,28.239999771118164,27.719999313354492,16696600.0,22.017724990844727
2010-01-25,27.950000762939453,27.510000228881836,27.950000762939453,27.6200008392334,11098400.0,21.938297271728516
2010-01-26,27.950000762939453,27.5,27.5,27.729999542236328,13275800.0,22.025671005249023
2010-01-27,27.920000076293945,27.489999771118164,27.6200008392334,27.84000015258789,12821800.0,22.113039016723633
2010-01-28,27.950000762939453,27.190000534057617,27.93000030517578,27.34000015258789,19430400.0,21.715896606445312
2010-01-29,28.09000015258789,27.3799991607666,27.56999969482422,28.010000228881836,22453800.0,22.248069763183594
2010-02-01,28.450000762939453,27.90999984741211,28.010000228881836,28.389999389648438,17172100.0,22.549903869628906
2010-02-02,29.049999237060547,28.299999237060547,28.389999389648438,29.030000686645508,19640800.0,23.05824851989746
2010-02-03,28.940000534057617,28.260000228881836,28.940000534057617,28.469999313354492,19437300.0,22.61344337463379
2010-02-04,28.530000686645508,27.84000015258789,28.239999771118164,27.93000030517578,19813600.0,22.184526443481445
2010-02-05,28.06999969482422,27.530000686645508,27.850000381469727,27.979999542236328,20229400.0,22.2242431640625
2010-02-08,28.940000534057617,28.469999313354492,28.530000686645508,28.59000015258789,26005400.0,22.708757400512695
2010-02-09,29.09000015258789,28.56999969482422,28.8700008392334,28.8700008392334,18057700.0,22.9311580657959
2010-02-10,28.959999084472656,28.399999618530273,28.84000015258789,28.649999618530273,14481500.0,22.75641441345215
2010-02-11,29.06999969482422,28.540000915527344,28.709999084472656,28.989999771118164,14614200.0,23.02647590637207
2010-02-12,29.0,28.549999237060547,28.75,29.0,15027700.0,23.0344181060791
2010-02-16,29.5,28.93000030517578,29.1200008392334,29.440000534057617,13317200.0,23.383901596069336
2010-02-17,30.059999465942383,29.75,29.760000228881836,30.020000457763672,21524600.0,23.844587326049805
2010-02-18,30.3799991607666,29.8700008392334,30.020000457763672,30.299999237060547,16564800.0,24.06699562072754
2010-02-19,30.450000762939453,30.0,30.209999084472656,30.149999618530273,18576300.0,23.94785499572754
2010-02-22,30.549999237060547,30.200000762939453,30.399999618530273,30.31999969482422,16101000.0,24.08287811279297
2010-02-23,31.030000686645508,30.350000381469727,30.559999465942383,30.75,35770100.0,24.424428939819336
2010-02-24,31.420000076293945,30.739999771118164,30.780000686645508,31.360000610351562,22937500.0,24.9089412689209
2010-02-25,31.450000762939453,30.989999771118164,31.06999969482422,31.360000610351562,15049200.0,24.9089412689209
2010-02-26,31.360000610351562,30.950000762939453,31.360000610351562,31.200000762939453,13879200.0,24.781864166259766
2010-03-01,31.549999237060547,31.09000015258789,31.239999771118164,31.43000030517578,14182000.0,24.964548110961914
2010-03-02,31.579999923706055,31.270000457763672,31.389999389648438,31.360000610351562,15189500.0,24.9089412689209
2010-03-03,31.809999465942383,31.31999969482422,31.43000030517578,31.469999313354492,13900900.0,24.996305465698242
2010-03-04,31.579999923706055,31.299999237060547,31.540000915527344,31.440000534057617,13777600.0,24.972482681274414
2010-03-05,31.90999984741211,31.489999771118164,31.549999237060547,31.799999237060547,18768700.0,25.25843048095703
2010-03-08,32.040000915527344,31.68000030517578,31.68000030517578,31.959999084472656,11048000.0,25.385522842407227
2010-03-09,31.950000762939453,31.670000076293945,31.700000762939453,31.68000030517578,15127700.0,25.350507736206055
2010-03-10,31.8799991607666,31.450000762939453,31.59000015258789,31.709999084472656,10532400.0,25.37451171875
2010-03-11,32.220001220703125,31.520000457763672,31.579999923706055,32.130001068115234,15316800.0,25.710601806640625
2010-03-12,32.599998474121094,32.119998931884766,32.22999954223633,32.45000076293945,14953600.0,25.9666690826416
2010-03-15,32.709999084472656,32.279998779296875,32.4900016784668,32.689998626708984,12049100.0,26.158720016479492
2010-03-16,32.810001373291016,32.349998474121094,32.61000061035156,32.54999923706055,13690400.0,26.04668617248535
2010-03-17,32.63999938964844,32.34000015258789,32.4900016784668,32.52000045776367,14730700.0,26.022676467895508
2010-03-18,32.560001373291016,32.22999954223633,32.45000076293945,32.400001525878906,17763500.0,25.92666244506836
2010-03-19,32.56999969482422,32.099998474121094,32.36000061035156,32.36000061035156,22430600.0,25.8946475982666
2010-03-22,32.790000915527344,32.13999938964844,32.13999938964844,32.66999816894531,11737300.0,26.142711639404297
2010-03-23,32.630001068115234,32.27000045776367,32.59000015258789,32.59000015258789,11511400.0,26.078691482543945
2010-03-24,32.599998474121094,32.2400016784668,32.439998626708984,32.31999969482422,11804400.0,25.862640380859375
2010-03-25,32.91999816894531,32.459999084472656,32.5,32.619998931884766,12956600.0,26.10270118713379
2010-03-26,32.97999954223633,32.630001068115234,32.66999816894531,32.75,12346300.0,26.20672607421875
2010-03-29,32.88999938964844,32.5,32.779998779296875,32.599998474121094,8929400.0,26.08669662475586
2010-03-30,32.880001068115234,32.5,32.560001373291016,32.689998626708984,8666400.0,26.158720016479492
2010-03-31,32.63999938964844,32.20000076293945,32.540000915527344,32.349998474121094,10342100.0,25.886640548706055
2010-04-01,32.630001068115234,32.15999984741211,32.40999984741211,32.380001068115234,9432500.0,25.91065216064453
2010-04-05,32.7400016784668,32.15999984741211,32.349998474121094,32.65999984741211,11381200.0,26.134714126586914
2010-04-06,32.72999954223633,32.41999816894531,32.619998931884766,32.54999923706055,9399600.0,26.04668617248535
2010-04-07,32.720001220703125,32.380001068115234,32.5,32.61000061035156,11070100.0,26.09470558166504
2010-04-08,33.08000183105469,32.400001525878906,32.459999084472656,32.970001220703125,13825000.0,26.382770538330078
2010-04-09,33.400001525878906,32.84000015258789,33.029998779296875,33.25,13060700.0,26.606834411621094
2010-04-12,33.56999969482422,33.13999938964844,33.220001220703125,33.47999954223633,12251500.0,26.790878295898438
2010-04-13,34.619998931884766,33.40999984741211,33.40999984741211,34.34000015258789,30322500.0,27.47905921936035
2010-04-14,35.06999969482422,34.29999923706055,34.31999969482422,34.97999954223633,24720700.0,27.991188049316406
2010-04-15,35.150001525878906,34.7400016784668,34.939998626708984,35.13999938964844,17975700.0,28.119224548339844
2010-04-16,35.08000183105469,34.709999084472656,34.9900016784668,35.0099983215332,28512200.0,28.01519012451172
2010-04-19,35.27000045776367,34.7400016784668,34.91999816894531,35.16999816894531,17571800.0,28.143224716186523
2010-04-20,35.4900016784668,35.0099983215332,35.31999969482422,35.18000030517578,14848400.0,28.15123176574707
2010-04-21,35.439998626708984,35.09000015258789,35.150001525878906,35.27000045776367,19597400.0,28.223241806030273
2010-04-22,35.88999938964844,35.029998779296875,35.150001525878906,35.720001220703125,21648900.0,28.583335876464844
2010-04-23,36.439998626708984,35.70000076293945,35.7599983215332,36.38999938964844,21336400.0,29.119478225708008
2010-04-26,37.029998779296875,36.459999084472656,36.52000045776367,36.4900016784668,22057300.0,29.19949722290039
2010-04-27,36.380001068115234,35.209999084472656,36.380001068115234,35.290000915527344,20588400.0,28.239253997802734
2010-04-28,35.650001525878906,35.029998779296875,35.43000030517578,35.189998626708984,19371600.0,28.159225463867188
2010-04-29,35.959999084472656,35.400001525878906,35.45000076293945,35.560001373291016,16263800.0,28.455305099487305
2010-04-30,35.9900016784668,35.22999954223633,35.70000076293945,35.22999954223633,15800700.0,28.191234588623047
2010-05-03,36.060001373291016,35.16999816894531,35.38999938964844,35.869998931884766,12644500.0,28.703365325927734
2010-05-04,35.59000015258789,34.790000915527344,35.560001373291016,35.41999816894531,25531100.0,28.343284606933594
2010-05-05,35.66999816894531,35.029998779296875,35.22999954223633,35.2400016784668,24373800.0,28.199235916137695
2010-05-06,35.380001068115234,32.06999969482422,34.91999816894531,33.959999084472656,31183100.0,27.174978256225586
2010-05-07,34.31999969482422,32.630001068115234,33.7400016784668,33.43000030517578,28620700.0,26.750871658325195
2010-05-10,35.400001525878906,34.58000183105469,34.63999938964844,35.290000915527344,21683400.0,28.239253997802734
2010-05-11,35.959999084472656,35.06999969482422,35.130001068115234,35.630001068115234,26625400.0,28.51131820678711
2010-05-12,35.939998626708984,35.380001068115234,35.66999816894531,35.88999938964844,19130600.0,28.719371795654297
2010-05-13,36.0,35.119998931884766,35.849998474121094,35.27000045776367,20229800.0,28.223241806030273
2010-05-14,35.470001220703125,34.7599983215332,35.2599983215332,35.20000076293945,22621300.0,28.167236328125
2010-05-17,35.689998626708984,34.08000183105469,34.970001220703125,35.59000015258789,33494400.0,28.47930335998535
2010-05-18,36.29999923706055,34.22999954223633,35.810001373291016,34.72999954223633,49088700.0,27.79112434387207
2010-05-19,34.56999969482422,33.650001525878906,34.380001068115234,34.380001068115234,27200100.0,27.51106071472168
2010-05-20,33.88999938964844,32.790000915527344,33.65999984741211,32.88999938964844,29536800.0,26.318754196166992
2010-05-21,33.47999954223633,32.25,32.2599983215332,33.02000045776367,36007500.0,26.422775268554688
2010-05-24,33.56999969482422,32.7599983215332,32.849998474121094,33.220001220703125,24263400.0,26.582826614379883
2010-05-25,34.040000915527344,32.41999816894531,32.540000915527344,33.97999954223633,30507700.0,27.190975189208984
2010-05-26,34.95000076293945,33.93000030517578,34.54999923706055,34.040000915527344,25393100.0,27.238994598388672
2010-05-27,34.68000030517578,34.18000030517578,34.5099983215332,34.54999923706055,16379300.0,27.647096633911133
2010-05-28,34.63999938964844,33.81999969482422,34.56999969482422,33.86000061035156,17549000.0,27.094955444335938
2010-06-01,34.16999816894531,33.220001220703125,33.41999816894531,33.540000915527344,17273700.0,27.0274658203125
2010-06-02,33.880001068115234,33.38999938964844,33.619998931884766,33.869998931884766,14262300.0,27.293394088745117
2010-06-03,34.060001373291016,33.16999816894531,33.900001525878906,33.43000030517578,15651600.0,26.93882942199707
2010-06-04,32.900001525878906,31.940000534057617,32.880001068115234,32.150001525878906,20061800.0,25.907367706298828
2010-06-07,32.41999816894531,31.5,32.2599983215332,31.549999237060547,20853000.0,25.423870086669922
2010-06-08,31.860000610351562,31.25,31.530000686645508,31.809999465942383,16153400.0,25.633384704589844
2010-06-09,32.400001525878906,31.6200008392334,31.8700008392334,31.760000228881836,15788600.0,25.593090057373047
2010-06-10,32.7599983215332,32.09000015258789,32.2400016784668,32.720001220703125,15343000.0,26.366697311401367
2010-06-11,32.5,31.780000686645508,32.310001373291016,32.220001220703125,13693000.0,25.963777542114258
2010-06-14,32.63999938964844,31.989999771118164,32.47999954223633,32.060001373291016,20280100.0,25.834842681884766
2010-06-15,32.380001068115234,31.549999237060547,32.09000015258789,32.2599983215332,19748300.0,25.996007919311523
2010-06-16,32.2599983215332,31.68000030517578,31.959999084472656,32.13999938964844,16321600.0,25.899309158325195
2010-06-17,32.29999923706055,31.450000762939453,32.189998626708984,31.90999984741211,23934100.0,25.71396827697754
2010-06-18,32.290000915527344,31.790000915527344,31.950000762939453,31.940000534057617,19785600.0,25.738143920898438
2010-06-21,32.20000076293945,31.239999771118164,32.16999816894531,31.43000030517578,16599700.0,25.32716941833496
2010-06-22,31.600000381469727,30.530000686645508,31.459999084472656,30.610000610351562,22902300.0,24.666391372680664
2010-06-23,30.790000915527344,30.270000457763672,30.579999923706055,30.5,24796400.0,24.57775115966797
2010-06-24,30.190000534057617,29.56999969482422,30.139999389648438,29.670000076293945,28837400.0,23.908916473388672
2010-06-25,30.25,29.579999923706055,29.579999923706055,30.200000762939453,43592400.0,24.336000442504883
2010-06-28,30.229999542236328,29.579999923706055,30.149999618530273,29.59000015258789,15451400.0,23.844446182250977
2010-06-29,29.149999618530273,28.420000076293945,29.149999618530273,28.6299991607666,22817400.0,23.07085418701172
2010-06-30,28.860000610351562,27.989999771118164,28.530000686645508,28.06999969482422,20940900.0,22.619586944580078
2010-07-01,28.5,27.489999771118164,28.40999984741211,27.920000076293945,27119600.0,22.49871253967285
2010-07-02,28.010000228881836,27.579999923706055,28.010000228881836,27.760000228881836,15404500.0,22.369783401489258
2010-07-06,28.1299991607666,27.100000381469727,27.989999771118164,27.34000015258789,18300200.0,22.031335830688477
2010-07-07,28.09000015258789,27.309999465942383,27.489999771118164,28.010000228881836,21796200.0,22.571239471435547
2010-07-08,28.3799991607666,27.719999313354492,28.350000381469727,28.149999618530273,15975800.0,22.684053421020508
2010-07-09,28.31999969482422,27.93000030517578,28.100000381469727,28.260000228881836,13507400.0,22.772695541381836
2010-07-12,28.760000228881836,28.229999542236328,28.229999542236328,28.309999465942383,14259400.0,22.81298828125
2010-07-13,28.940000534057617,28.290000915527344,28.489999771118164,28.639999389648438,22058600.0,23.07891273498535
2010-07-14,28.549999237060547,28.09000015258789,28.549999237060547,28.280000686645508,13638600.0,22.788814544677734
2010-07-15,28.40999984741211,27.920000076293945,28.219999313354492,28.34000015258789,13535300.0,22.83716583251953
2010-07-16,28.280000686645508,27.049999237060547,28.149999618530273,27.110000610351562,21870900.0,21.845998764038086
2010-07-19,27.260000228881836,26.850000381469727,27.15999984741211,27.06999969482422,17061600.0,21.81376075744629
2010-07-20,28.030000686645508,26.6200008392334,26.75,27.93000030517578,23279400.0,22.50677490234375
2010-07-21,28.010000228881836,27.350000381469727,27.780000686645508,27.469999313354492,17161300.0,22.136091232299805
2010-07-22,28.469999313354492,27.709999084472656,27.709999084472656,28.219999313354492,26142700.0,22.74045753479004
2010-07-23,28.360000610351562,27.899999618530273,28.139999389648438,28.25,18979200.0,22.764636993408203
2010-07-26,29.06999969482422,28.229999542236328,28.239999771118164,28.989999771118164,16149800.0,23.360950469970703
2010-07-27,29.3700008392334,28.540000915527344,29.229999542236328,28.579999923706055,14851100.0,23.030559539794922
2010-07-28,28.950000762939453,28.0,28.579999923706055,28.079999923706055,13917900.0,22.627647399902344
2010-07-29,28.520000457763672,27.770000457763672,28.270000457763672,28.049999237060547,15504300.0,22.603471755981445
2010-07-30,28.559999465942383,27.6299991607666,27.75,28.510000228881836,14837700.0,22.97414779663086
2010-08-02,29.239999771118164,28.68000030517578,28.81999969482422,29.1200008392334,17882200.0,23.465707778930664
2010-08-03,29.18000030517578,28.40999984741211,29.09000015258789,28.450000762939453,11724700.0,22.925806045532227
2010-08-04,28.93000030517578,28.510000228881836,28.610000610351562,28.719999313354492,10987700.0,23.143375396728516
2010-08-05,28.93000030517578,28.329999923706055,28.520000457763672,28.709999084472656,9101200.0,23.13531494140625
2010-08-06,28.68000030517578,28.209999084472656,28.530000686645508,28.68000030517578,11372800.0,23.111148834228516
2010-08-09,28.969999313354492,28.68000030517578,28.770000457763672,28.700000762939453,8354900.0,23.127260208129883
2010-08-10,28.520000457763672,28.020000457763672,28.399999618530273,28.239999771118164,13866400.0,22.756580352783203
2010-08-11,28.059999465942383,27.600000381469727,27.93000030517578,27.709999084472656,11672600.0,22.329483032226562
2010-08-12,27.75,27.309999465942383,27.530000686645508,27.610000610351562,9886800.0,22.248912811279297
2010-08-13,27.709999084472656,27.270000457763672,27.510000228881836,27.309999465942383,9316000.0,22.007165908813477
2010-08-16,28.06999969482422,27.280000686645508,27.5,27.3799991607666,12152400.0,22.063568115234375
2010-08-17,28.799999237060547,27.709999084472656,28.030000686645508,28.309999465942383,22537900.0,22.81298828125
2010-08-18,29.0,28.31999969482422,28.350000381469727,28.860000610351562,13733000.0,23.256196975708008
2010-08-19,28.850000381469727,27.969999313354492,28.559999465942383,28.219999313354492,14149300.0,22.74045753479004
2010-08-20,28.31999969482422,27.889999389648438,28.079999923706055,28.170000076293945,12430300.0,22.700172424316406
2010-08-23,28.639999389648438,27.799999237060547,28.559999465942383,27.829999923706055,11447300.0,22.42619514465332
2010-08-24,28.079999923706055,27.100000381469727,27.549999237060547,27.780000686645508,16615700.0,22.385896682739258
2010-08-25,28.5,27.59000015258789,27.59000015258789,28.329999923706055,14357500.0,22.829099655151367
2010-08-26,28.559999465942383,28.270000457763672,28.389999389648438,28.3799991607666,12712200.0,22.86939811706543
2010-08-27,28.84000015258789,28.260000228881836,28.520000457763672,28.739999771118164,12750900.0,23.15949249267578
2010-08-30,28.799999237060547,27.979999542236328,28.739999771118164,27.989999771118164,9632800.0,22.555124282836914
2010-08-31,28.079999923706055,27.549999237060547,27.6299991607666,27.81999969482422,12408200.0,22.608966827392578
2010-09-01,28.739999771118164,28.059999465942383,28.079999923706055,28.670000076293945,12772500.0,23.299745559692383
2010-09-02,29.549999237060547,28.739999771118164,28.760000228881836,29.40999984741211,14321400.0,23.90113639831543
2010-09-03,30.31999969482422,29.520000457763672,29.90999984741211,29.850000381469727,12769800.0,24.258718490600586
2010-09-07,29.799999237060547,29.280000686645508,29.65999984741211,29.329999923706055,8605900.0,23.836122512817383
2010-09-08,29.610000610351562,29.280000686645508,29.31999969482422,29.450000762939453,9560100.0,23.933650970458984
2010-09-09,29.889999389648438,29.299999237060547,29.780000686645508,29.40999984741211,7879000.0,23.90113639831543
2010-09-10,29.780000686645508,29.450000762939453,29.479999542236328,29.68000030517578,7330900.0,24.12055778503418
2010-09-13,30.149999618530273,29.770000457763672,29.940000534057617,29.989999771118164,9961400.0,24.372495651245117
2010-09-14,30.229999542236328,29.8799991607666,30.030000686645508,29.969999313354492,14073800.0,24.356243133544922
2010-09-15,30.010000228881836,29.649999618530273,29.780000686645508,29.940000534057617,9804100.0,24.331857681274414
2010-09-16,30.049999237060547,29.700000762939453,29.8799991607666,29.950000762939453,9352500.0,24.339984893798828
2010-09-17,30.190000534057617,29.799999237060547,30.049999237060547,29.889999389648438,13015200.0,24.291223526000977
2010-09-20,30.739999771118164,29.899999618530273,30.040000915527344,30.649999618530273,11541200.0,24.90886688232422
2010-09-21,31.270000457763672,30.690000534057617,30.790000915527344,30.90999984741211,13833500.0,25.120166778564453
2010-09-22,31.219999313354492,30.739999771118164,30.739999771118164,30.8799991607666,11663500.0,25.095788955688477
2010-09-23,31.09000015258789,30.579999923706055,30.610000610351562,30.84000015258789,16047000.0,25.06328010559082
2010-09-24,31.690000534057617,31.239999771118164,31.270000457763672,31.639999389648438,11421600.0,25.713438034057617
2010-09-27,31.850000381469727,31.440000534057617,31.709999084472656,31.600000381469727,7991000.0,25.68092155456543
2010-09-28,32.04999923706055,31.360000610351562,31.639999389648438,31.809999465942383,12505200.0,25.851585388183594
2010-09-29,31.93000030517578,31.65999984741211,31.739999771118164,31.809999465942383,9178300.0,25.851585388183594
2010-09-30,32.22999954223633,31.6200008392334,31.8799991607666,31.68000030517578,11401200.0,25.745935440063477
2010-10-01,32.040000915527344,31.649999618530273,31.809999465942383,31.81999969482422,8648800.0,25.859710693359375
2010-10-04,31.979999542236328,31.530000686645508,31.709999084472656,31.670000076293945,10321100.0,25.73780632019043
2010-10-05,31.93000030517578,31.25,31.350000381469727,31.739999771118164,15975000.0,25.794702529907227
2010-10-06,31.8700008392334,31.540000915527344,31.770000457763672,31.739999771118164,9957300.0,25.794702529907227
2010-10-07,32.11000061035156,31.59000015258789,31.84000015258789,31.739999771118164,13163400.0,25.794702529907227
2010-10-08,32.13999938964844,31.700000762939453,31.829999923706055,31.889999389648438,10578500.0,25.91659927368164
2010-10-11,31.889999389648438,31.6299991607666,31.889999389648438,31.790000915527344,8358700.0,25.8353328704834
2010-10-12,31.780000686645508,31.25,31.739999771118164,31.40999984741211,12539000.0,25.52651023864746
2010-10-13,31.649999618530273,30.940000534057617,31.6299991607666,31.0,15267600.0,25.19330596923828
2010-10-14,31.190000534057617,30.510000228881836,31.06999969482422,30.809999465942383,11242500.0,25.038896560668945
2010-10-15,31.079999923706055,30.420000076293945,31.0,30.700000762939453,12945300.0,24.949504852294922
2010-10-18,30.75,30.18000030517578,30.65999984741211,30.530000686645508,10701300.0,24.81134605407715
2010-10-19,30.770000457763672,30.25,30.299999237060547,30.40999984741211,12047100.0,24.713821411132812
2010-10-20,30.969999313354492,30.329999923706055,30.520000457763672,30.729999542236328,18500800.0,24.973878860473633
2010-10-21,32.040000915527344,30.8799991607666,30.889999389648438,31.809999465942383,22203300.0,25.851585388183594
2010-10-22,31.81999969482422,31.399999618530273,31.770000457763672,31.479999542236328,9102000.0,25.58339500427246
2010-10-25,31.829999923706055,31.31999969482422,31.420000076293945,31.399999618530273,8561300.0,25.518381118774414
2010-10-26,31.510000228881836,31.0,31.270000457763672,31.290000915527344,9277900.0,25.42898941040039
2010-10-27,31.049999237060547,30.450000762939453,31.049999237060547,30.899999618530273,11575100.0,25.112041473388672
2010-10-28,31.280000686645508,30.8799991607666,31.18000030517578,31.190000534057617,7932400.0,25.34772300720215
2010-10-29,31.18000030517578,30.8700008392334,31.09000015258789,30.899999618530273,9499200.0,25.112041473388672
2010-11-01,31.309999465942383,30.559999465942383,31.0,30.709999084472656,8229900.0,24.957622528076172
2010-11-02,31.969999313354492,30.979999542236328,31.0,31.510000228881836,15092700.0,25.607778549194336
2010-11-03,31.649999618530273,31.040000915527344,31.610000610351562,31.459999084472656,9073300.0,25.567142486572266
2010-11-04,31.979999542236328,31.760000228881836,31.829999923706055,31.940000534057617,11096000.0,25.957237243652344
2010-11-05,32.290000915527344,31.770000457763672,31.950000762939453,31.920000076293945,10750000.0,25.940980911254883
2010-11-08,31.639999389648438,31.200000762939453,31.6299991607666,31.489999771118164,9696400.0,25.59152603149414
2010-11-09,31.510000228881836,31.18000030517578,31.479999542236328,31.469999313354492,10268600.0,25.57526969909668
2010-11-10,31.700000762939453,31.25,31.479999542236328,31.68000030517578,11175200.0,25.745935440063477
2010-11-11,31.93000030517578,31.329999923706055,31.3700008392334,31.700000762939453,9226300.0,25.76219367980957
2010-11-12,31.760000228881836,31.350000381469727,31.469999313354492,31.440000534057617,10594800.0,25.550886154174805
2010-11-15,31.969999313354492,31.350000381469727,31.43000030517578,31.389999389648438,9645900.0,25.51025390625
2010-11-16,32.81999969482422,31.540000915527344,31.700000762939453,31.709999084472656,25568500.0,25.770315170288086
2010-11-17,31.709999084472656,30.670000076293945,31.65999984741211,30.829999923706055,19411800.0,25.055152893066406
2010-11-18,31.09000015258789,30.75,30.989999771118164,30.8700008392334,26258300.0,25.087663650512695
2010-11-19,31.219999313354492,30.799999237060547,30.799999237060547,31.219999313354492,25364400.0,25.37209701538086
2010-11-22,31.350000381469727,30.8799991607666,31.049999237060547,31.09000015258789,23205700.0,25.266448974609375
2010-11-23,31.0,30.829999923706055,30.979999542236328,30.90999984741211,11698400.0,25.120166778564453
2010-11-24,31.350000381469727,31.079999923706055,31.18000030517578,31.15999984741211,9748600.0,25.323341369628906
2010-11-26,31.15999984741211,30.850000381469727,30.920000076293945,31.0,4182200.0,25.19330596923828
2010-11-29,30.920000076293945,30.329999923706055,30.8700008392334,30.690000534057617,11838700.0,24.941381454467773
2010-11-30,30.610000610351562,29.979999542236328,30.059999465942383,30.209999084472656,12889600.0,24.741748809814453
2010-12-01,31.75,30.600000381469727,30.600000381469727,31.610000610351562,17102400.0,25.888334274291992
2010-12-02,33.529998779296875,31.6200008392334,31.6200008392334,33.36000061035156,25843400.0,27.32157325744629
2010-12-03,33.560001373291016,33.0,33.18000030517578,33.47999954223633,16353500.0,27.41985321044922
2010-12-06,33.54999923706055,33.29999923706055,33.45000076293945,33.34000015258789,9357000.0,27.305192947387695
2010-12-07,33.93000030517578,33.52000045776367,33.66999816894531,33.54999923706055,12615800.0,27.477174758911133
2010-12-08,34.150001525878906,33.40999984741211,33.439998626708984,34.029998779296875,11406300.0,27.87029457092285
2010-12-09,34.75,33.880001068115234,34.599998474121094,34.31999969482422,15158700.0,28.107816696166992
2010-12-10,34.529998779296875,34.150001525878906,34.41999816894531,34.400001525878906,11475700.0,28.173324584960938
2010-12-13,34.650001525878906,34.34000015258789,34.400001525878906,34.560001373291016,12755700.0,28.30436134338379
2010-12-14,34.900001525878906,34.470001220703125,34.61000061035156,34.720001220703125,11134100.0,28.43540382385254
2010-12-15,35.09000015258789,34.54999923706055,34.56999969482422,34.790000915527344,13972800.0,28.492727279663086
2010-12-16,35.220001220703125,34.689998626708984,34.84000015258789,35.119998931884766,11193300.0,28.762985229492188
2010-12-17,35.27000045776367,34.93000030517578,34.9900016784668,35.099998474121094,17797200.0,28.746618270874023
2010-12-20,35.4900016784668,35.060001373291016,35.25,35.20000076293945,8956500.0,28.828521728515625
2010-12-21,35.4900016784668,35.06999969482422,35.36000061035156,35.08000183105469,7002600.0,28.730234146118164
2010-12-22,35.349998474121094,35.0099983215332,35.15999984741211,35.18000030517578,6448100.0,28.8121395111084
2010-12-23,35.400001525878906,35.029998779296875,35.130001068115234,35.09000015258789,6238800.0,28.738433837890625
2010-12-27,35.40999984741211,34.75,34.939998626708984,35.2400016784668,5111100.0,28.861276626586914
2010-12-28,35.29999923706055,34.970001220703125,35.220001220703125,35.09000015258789,4081700.0,28.738433837890625
2010-12-29,35.29999923706055,34.88999938964844,35.06999969482422,34.88999938964844,6126800.0,28.574623107910156
2010-12-30,35.060001373291016,34.75,34.790000915527344,34.86000061035156,6563300.0,28.550060272216797
2010-12-31,35.08000183105469,34.630001068115234,34.7400016784668,35.060001373291016,5411300.0,28.71385955810547
2011-01-03,35.56999969482422,35.189998626708984,35.20000076293945,35.310001373291016,7464300.0,28.91860580444336
2011-01-04,35.560001373291016,34.63999938964844,35.27000045776367,34.66999816894531,14359700.0,28.394453048706055
2011-01-05,34.869998931884766,34.43000030517578,34.619998931884766,34.560001373291016,11479400.0,28.30436134338379
2011-01-06,34.79999923706055,34.2400016784668,34.630001068115234,34.41999816894531,11526700.0,28.189701080322266
2011-01-07,34.599998474121094,34.18000030517578,34.41999816894531,34.380001068115234,11735800.0,28.15694236755371
2011-01-10,34.470001220703125,34.06999969482422,34.15999984741211,34.38999938964844,9825600.0,28.16513442993164
2011-01-11,35.209999084472656,34.4900016784668,34.61000061035156,34.86000061035156,12408600.0,28.550060272216797
2011-01-12,35.06999969482422,34.65999984741211,34.79999923706055,34.83000183105469,8963300.0,28.525489807128906
2011-01-13,35.279998779296875,34.709999084472656,34.810001373291016,35.27000045776367,10713100.0,28.88585090637207
2011-01-14,36.0,35.02000045776367,35.11000061035156,35.88999938964844,13844200.0,29.393619537353516
2011-01-18,36.209999084472656,35.86000061035156,35.970001220703125,36.02000045776367,10765000.0,29.500093460083008
2011-01-19,36.0,35.47999954223633,36.0,35.630001068115234,9110300.0,29.180681228637695
2011-01-20,36.63999938964844,35.72999954223633,35.7400016784668,36.4900016784668,13483000.0,29.8850154876709
2011-01-21,36.9900016784668,36.470001220703125,36.81999969482422,36.5099983215332,11886200.0,29.901391983032227
2011-01-24,36.650001525878906,36.29999923706055,36.459999084472656,36.650001525878906,8884200.0,30.01605224609375
2011-01-25,37.18000030517578,36.380001068115234,36.5099983215332,37.15999984741211,14228300.0,30.433740615844727
2011-01-26,37.97999954223633,37.150001525878906,37.16999816894531,37.41999816894531,14228300.0,30.646682739257812
2011-01-27,38.119998931884766,37.40999984741211,37.5099983215332,37.97999954223633,10722100.0,31.10531234741211
2011-01-28,37.959999084472656,36.630001068115234,37.88999938964844,36.70000076293945,12588000.0,30.05699348449707
2011-01-31,37.18000030517578,36.54999923706055,37.130001068115234,36.77000045776367,11189800.0,30.114330291748047
2011-02-01,37.130001068115234,36.5,36.939998626708984,36.9900016784668,9623200.0,30.29451560974121
2011-02-02,36.959999084472656,36.380001068115234,36.709999084472656,36.560001373291016,7782400.0,29.94234848022461
2011-02-03,37.04999923706055,36.470001220703125,36.58000183105469,36.70000076293945,5664700.0,30.05699348449707
2011-02-04,37.150001525878906,36.52000045776367,36.7599983215332,36.79999923706055,7559900.0,30.138898849487305
2011-02-07,36.880001068115234,36.56999969482422,36.79999923706055,36.599998474121094,7046400.0,29.975099563598633
2011-02-08,37.27000045776367,36.40999984741211,36.630001068115234,37.15999984741211,6137400.0,30.433740615844727
2011-02-09,37.20000076293945,36.970001220703125,37.06999969482422,37.16999816894531,6812400.0,30.441919326782227
2011-02-10,37.45000076293945,37.060001373291016,37.13999938964844,37.310001373291016,6009500.0,30.55658531188965
2011-02-11,37.47999954223633,36.66999816894531,37.029998779296875,37.47999954223633,10053400.0,30.695817947387695
2011-02-14,37.65999984741211,37.27000045776367,37.470001220703125,37.58000183105469,9070800.0,30.7777156829834
2011-02-15,37.72999954223633,37.31999969482422,37.59000015258789,37.689998626708984,6538400.0,30.867813110351562
2011-02-16,38.09000015258789,37.59000015258789,37.7400016784668,37.86000061035156,6801500.0,31.007036209106445
2011-02-17,38.220001220703125,37.61000061035156,37.83000183105469,38.18000030517578,8196500.0,31.269115447998047
2011-02-18,38.5,37.9900016784668,38.130001068115234,38.47999954223633,12894800.0,31.514816284179688
2011-02-22,39.380001068115234,37.7599983215332,39.29999923706055,38.09000015258789,20604500.0,31.195405960083008
2011-02-23,38.279998779296875,36.900001525878906,38.0099983215332,37.29999923706055,15127800.0,30.548404693603516
2011-02-24,37.66999816894531,36.779998779296875,37.22999954223633,37.13999938964844,9342800.0,30.417367935180664
2011-02-25,37.47999954223633,36.779998779296875,37.20000076293945,37.08000183105469,9723700.0,30.36821937561035
2011-02-28,37.540000915527344,37.060001373291016,37.150001525878906,37.470001220703125,9736700.0,30.6876277923584
2011-03-01,37.720001220703125,36.689998626708984,37.13999938964844,36.7599983215332,10015500.0,30.106143951416016
2011-03-02,36.9900016784668,36.33000183105469,36.599998474121094,36.65999984741211,12677300.0,30.02423858642578
2011-03-03,37.619998931884766,36.95000076293945,37.02000045776367,37.54999923706055,8060300.0,30.75314712524414
2011-03-04,37.86000061035156,36.779998779296875,37.45000076293945,37.220001220703125,9269600.0,30.482877731323242
2011-03-07,37.70000076293945,36.83000183105469,37.2599983215332,36.869998931884766,8888200.0,30.19624137878418
2011-03-08,37.2599983215332,36.540000915527344,36.720001220703125,37.040000915527344,14254200.0,30.542558670043945
2011-03-09,37.779998779296875,36.90999984741211,37.09000015258789,37.66999816894531,9339800.0,31.062047958374023
2011-03-10,37.5,36.939998626708984,37.349998474121094,37.06999969482422,8897300.0,30.56729507446289
2011-03-11,37.349998474121094,36.66999816894531,37.029998779296875,37.13999938964844,7729400.0,30.625015258789062
2011-03-14,36.939998626708984,36.279998779296875,36.91999816894531,36.68000030517578,8729100.0,30.245708465576172
2011-03-15,36.560001373291016,35.81999969482422,35.900001525878906,36.290000915527344,8897300.0,29.924116134643555
2011-03-16,36.2599983215332,35.43000030517578,36.13999938964844,35.68000030517578,13998700.0,29.42112922668457
2011-03-17,36.130001068115234,35.5099983215332,36.06999969482422,35.7599983215332,9726300.0,29.48708152770996
2011-03-18,36.27000045776367,35.7599983215332,36.040000915527344,36.0,11368200.0,29.68499755859375
2011-03-21,36.70000076293945,36.279998779296875,36.290000915527344,36.43000030517578,7704500.0,30.039562225341797
2011-03-22,36.619998931884766,36.2599983215332,36.36000061035156,36.290000915527344,6506200.0,29.924116134643555
2011-03-23,36.68000030517578,36.029998779296875,36.08000183105469,36.619998931884766,8496900.0,30.19622230529785
2011-03-24,37.75,36.790000915527344,36.849998474121094,37.36000061035156,9999300.0,30.806425094604492
2011-03-25,37.81999969482422,37.34000015258789,37.40999984741211,37.41999816894531,7611400.0,30.85590171813965
2011-03-28,37.5099983215332,36.619998931884766,37.459999084472656,36.650001525878906,8585300.0,30.22096824645996
2011-03-29,37.810001373291016,37.150001525878906,37.369998931884766,37.70000076293945,18370800.0,31.08678436279297
2011-03-30,37.84000015258789,37.209999084472656,37.560001373291016,37.56999969482422,7722000.0,30.979591369628906
2011-03-31,37.459999084472656,36.810001373291016,37.290000915527344,37.060001373291016,8917300.0,30.55905532836914
2011-04-01,37.869998931884766,36.959999084472656,37.119998931884766,37.560001373291016,9247500.0,30.971336364746094
2011-04-04,37.72999954223633,37.22999954223633,37.47999954223633,37.470001220703125,6571700.0,30.897130966186523
2011-04-05,37.84000015258789,37.25,37.27000045776367,37.599998474121094,10098700.0,31.00432014465332
2011-04-06,37.790000915527344,37.209999084472656,37.70000076293945,37.5,10077900.0,30.921859741210938
2011-04-07,37.900001525878906,37.2400016784668,37.439998626708984,37.83000183105469,10395700.0,31.193981170654297
2011-04-08,37.959999084472656,37.2400016784668,37.900001525878906,37.459999084472656,9848100.0,30.88888168334961
2011-04-11,37.939998626708984,37.400001525878906,37.45000076293945,37.599998474121094,7032900.0,31.00432014465332
2011-04-12,37.9900016784668,37.36000061035156,37.41999816894531,37.7599983215332,8542600.0,31.13625144958496
2011-04-13,37.970001220703125,37.16999816894531,37.84000015258789,37.66999816894531,10337800.0,31.062047958374023
2011-04-14,37.970001220703125,37.45000076293945,37.599998474121094,37.84000015258789,6608300.0,31.202220916748047
2011-04-15,38.400001525878906,37.939998626708984,37.95000076293945,38.16999816894531,10440600.0,31.474336624145508
2011-04-18,37.81999969482422,37.209999084472656,37.779998779296875,37.7599983215332,8250600.0,31.13625144958496
2011-04-19,38.02000045776367,37.56999969482422,37.88999938964844,37.77000045776367,7023300.0,31.144500732421875
2011-04-20,38.5099983215332,37.84000015258789,38.279998779296875,37.939998626708984,8887400.0,31.284679412841797
2011-04-21,38.16999816894531,37.540000915527344,38.06999969482422,37.79999923706055,8406800.0,31.16924285888672
2011-04-25,37.709999084472656,37.290000915527344,37.61000061035156,37.560001373291016,8594000.0,30.971336364746094
2011-04-26,37.54999923706055,36.939998626708984,37.279998779296875,37.209999084472656,14100000.0,30.682727813720703
2011-04-27,37.54999923706055,36.97999954223633,37.29999923706055,37.31999969482422,12615000.0,30.773447036743164
2011-04-28,37.66999816894531,37.15999984741211,37.16999816894531,37.470001220703125,9730800.0,30.897130966186523
2011-04-29,37.560001373291016,37.02000045776367,37.459999084472656,37.150001525878906,15945000.0,30.633262634277344
2011-05-02,37.66999816894531,37.18000030517578,37.439998626708984,37.349998474121094,7918500.0,30.79817771911621
2011-05-03,37.41999816894531,37.060001373291016,37.08000183105469,37.349998474121094,8833000.0,30.79817771911621
2011-05-04,37.619998931884766,37.099998474121094,37.29999923706055,37.189998626708984,11319900.0,30.666240692138672
2011-05-05,37.43000030517578,36.779998779296875,37.0,37.0099983215332,13661700.0,30.5178165435791
2011-05-06,37.47999954223633,36.77000045776367,37.34000015258789,36.9900016784668,10677800.0,30.50133514404297
2011-05-09,37.09000015258789,36.70000076293945,36.93000030517578,36.959999084472656,6550000.0,30.476593017578125
2011-05-10,37.369998931884766,36.88999938964844,36.88999938964844,37.27000045776367,6818400.0,30.732202529907227
2011-05-11,37.34000015258789,36.91999816894531,37.0099983215332,37.22999954223633,9594900.0,30.699235916137695
2011-05-12,37.43000030517578,36.880001068115234,37.150001525878906,37.290000915527344,9749400.0,30.748699188232422
2011-05-13,37.36000061035156,36.779998779296875,37.310001373291016,37.0099983215332,8666600.0,30.5178165435791
2011-05-16,37.310001373291016,36.54999923706055,36.689998626708984,36.97999954223633,11603500.0,30.493080139160156
2011-05-17,37.939998626708984,37.189998626708984,37.349998474121094,37.400001525878906,17428400.0,30.839405059814453
2011-05-18,37.540000915527344,37.150001525878906,37.34000015258789,37.459999084472656,9069300.0,30.88888168334961
2011-05-19,37.45000076293945,37.09000015258789,37.45000076293945,37.38999938964844,7015200.0,30.831159591674805
2011-05-20,37.369998931884766,36.900001525878906,37.31999969482422,37.04999923706055,8154000.0,30.550798416137695
2011-05-23,37.0,36.529998779296875,36.689998626708984,36.81999969482422,9662800.0,30.361148834228516
2011-05-24,36.88999938964844,36.459999084472656,36.869998931884766,36.54999923706055,10580400.0,30.13850975036621
2011-05-25,36.709999084472656,36.31999969482422,36.54999923706055,36.630001068115234,12316900.0,30.204479217529297
2011-05-26,36.66999816894531,36.11000061035156,36.45000076293945,36.189998626708984,8083300.0,29.841646194458008
2011-05-27,36.41999816894531,35.90999984741211,36.36000061035156,36.0,9596500.0,29.68499755859375
2011-05-31,36.279998779296875,36.02000045776367,36.18000030517578,36.279998779296875,8628100.0,29.91587257385254
2011-06-01,36.2599983215332,35.400001525878906,36.119998931884766,35.400001525878906,10483000.0,29.190229415893555
2011-06-02,35.310001373291016,34.709999084472656,35.25,35.09000015258789,11346600.0,28.93462562561035
2011-06-03,34.86000061035156,34.43000030517578,34.619998931884766,34.630001068115234,8840300.0,28.555313110351562
2011-06-06,34.810001373291016,34.290000915527344,34.529998779296875,34.290000915527344,7485400.0,28.27495574951172
2011-06-07,35.02000045776367,34.310001373291016,34.459999084472656,34.33000183105469,9335000.0,28.307939529418945
2011-06-08,34.31999969482422,34.02000045776367,34.20000076293945,34.099998474121094,9432400.0,28.118282318115234
2011-06-09,34.560001373291016,34.11000061035156,34.130001068115234,34.33000183105469,6934100.0,28.307939529418945
2011-06-10,34.25,33.41999816894531,34.16999816894531,33.470001220703125,12388200.0,27.598800659179688
2011-06-13,33.880001068115234,33.40999984741211,33.459999084472656,33.5099983215332,11743300.0,27.631772994995117
2011-06-14,34.83000183105469,33.709999084472656,33.86000061035156,34.75,17534700.0,28.869651794433594
2011-06-15,34.470001220703125,33.81999969482422,34.349998474121094,33.880001068115234,14608600.0,28.146865844726562
2011-06-16,34.779998779296875,34.0099983215332,34.06999969482422,34.5,14084900.0,28.661956787109375
2011-06-17,34.93000030517578,34.310001373291016,34.709999084472656,34.529998779296875,18322400.0,28.68686866760254
2011-06-20,34.97999954223633,34.279998779296875,34.290000915527344,34.77000045776367,7866600.0,28.886253356933594
2011-06-21,35.459999084472656,34.599998474121094,34.88999938964844,35.43000030517578,14805200.0,29.434579849243164
2011-06-22,35.400001525878906,34.88999938964844,35.27000045776367,34.93000030517578,9901700.0,29.01918601989746
2011-06-23,35.66999816894531,34.540000915527344,34.56999969482422,35.650001525878906,17098000.0,29.61734962463379
2011-06-24,35.689998626708984,35.08000183105469,35.619998931884766,35.08000183105469,15738100.0,29.143795013427734
2011-06-27,35.38999938964844,34.68000030517578,35.029998779296875,35.20000076293945,8424900.0,29.24349021911621
2011-06-28,36.279998779296875,35.2599983215332,35.34000015258789,36.060001373291016,17004200.0,29.957969665527344
2011-06-29,36.310001373291016,35.790000915527344,36.150001525878906,35.97999954223633,12298200.0,29.891494750976562
2011-06-30,36.310001373291016,35.939998626708984,36.189998626708984,36.220001220703125,11945200.0,30.090885162353516
2011-07-01,36.959999084472656,36.2599983215332,36.290000915527344,36.72999954223633,9777900.0,30.51457977294922
2011-07-05,36.849998474121094,36.43000030517578,36.630001068115234,36.59000015258789,9938900.0,30.39828872680664
2011-07-06,36.7400016784668,36.31999969482422,36.45000076293945,36.56999969482422,7031700.0,30.381664276123047
2011-07-07,37.25,36.75,36.81999969482422,37.04999923706055,9850200.0,30.780433654785156
2011-07-08,36.689998626708984,36.310001373291016,36.61000061035156,36.619998931884766,9822700.0,30.423200607299805
2011-07-11,36.65999984741211,36.15999984741211,36.2599983215332,36.36000061035156,8283800.0,30.20720672607422
2011-07-12,36.75,36.099998474121094,36.400001525878906,36.11000061035156,8931500.0,29.999500274658203
2011-07-13,36.630001068115234,36.060001373291016,36.34000015258789,36.130001068115234,10563600.0,30.0161190032959
2011-07-14,36.540000915527344,35.81999969482422,36.20000076293945,35.959999084472656,10861100.0,29.874889373779297
2011-07-15,36.09000015258789,35.4900016784668,36.09000015258789,35.90999984741211,9923500.0,29.83335304260254
2011-07-18,35.95000076293945,35.34000015258789,35.81999969482422,35.689998626708984,6908300.0,29.65058135986328
2011-07-19,36.27000045776367,35.72999954223633,35.849998474121094,36.11000061035156,9689400.0,29.999500274658203
2011-07-20,36.58000183105469,35.91999816894531,36.22999954223633,36.40999984741211,11320700.0,30.24873161315918
2011-07-21,37.209999084472656,36.529998779296875,36.56999969482422,36.720001220703125,12431800.0,30.50628089904785
2011-07-22,36.81999969482422,36.369998931884766,36.70000076293945,36.52000045776367,8011500.0,30.34012794494629
2011-07-25,36.970001220703125,36.2400016784668,36.369998931884766,36.650001525878906,8622300.0,30.448122024536133
2011-07-26,36.959999084472656,36.369998931884766,36.59000015258789,36.38999938964844,9886700.0,30.23213005065918
2011-07-27,36.36000061035156,35.54999923706055,36.310001373291016,35.630001068115234,12291900.0,29.600732803344727
2011-07-28,36.11000061035156,35.060001373291016,35.630001068115234,35.150001525878906,13821200.0,29.201955795288086
2011-07-29,35.2400016784668,34.630001068115234,34.7599983215332,34.93000030517578,12097800.0,29.01918601989746
2011-08-01,35.06999969482422,33.880001068115234,35.06999969482422,34.25,14037800.0,28.454242706298828
2011-08-02,34.0,32.790000915527344,33.86000061035156,32.81999969482422,18396800.0,27.266239166259766
2011-08-03,32.97999954223633,32.349998474121094,32.86000061035156,32.95000076293945,14224700.0,27.374235153198242
2011-08-04,32.720001220703125,31.690000534057617,32.40999984741211,31.700000762939453,18946100.0,26.335769653320312
2011-08-05,32.150001525878906,30.6200008392334,32.06999969482422,30.739999771118164,36483500.0,25.5382080078125
2011-08-08,30.350000381469727,28.920000076293945,30.1200008392334,28.93000030517578,38047000.0,24.034496307373047
2011-08-09,30.260000228881836,28.1299991607666,29.280000686645508,30.149999618530273,26132600.0,25.048049926757812
2011-08-10,29.65999984741211,28.440000534057617,29.31999969482422,28.510000228881836,23457600.0,23.68556785583496
2011-08-11,30.399999618530273,28.31999969482422,28.329999923706055,30.049999237060547,20127300.0,24.96497344970703
2011-08-12,30.649999618530273,29.790000915527344,30.239999771118164,30.579999923706055,18736700.0,25.40528678894043
2011-08-15,31.469999313354492,30.469999313354492,30.65999984741211,31.459999084472656,15899400.0,26.136369705200195
2011-08-16,33.40999984741211,32.68000030517578,33.029998779296875,33.119998931884766,28972400.0,27.515474319458008
2011-08-17,33.9900016784668,32.91999816894531,33.54999923706055,33.40999984741211,16303100.0,27.75639533996582
2011-08-18,32.810001373291016,31.75,32.41999816894531,32.15999984741211,18497300.0,26.717920303344727
2011-08-19,32.86000061035156,31.790000915527344,31.850000381469727,31.8799991607666,15469100.0,26.48530387878418
2011-08-22,32.61000061035156,32.029998779296875,32.400001525878906,32.279998779296875,12720900.0,26.817609786987305
2011-08-23,33.150001525878906,32.25,32.459999084472656,33.11000061035156,12545000.0,27.507165908813477
2011-08-24,34.459999084472656,32.880001068115234,32.97999954223633,34.369998931884766,19880300.0,28.55394744873047
2011-08-25,34.7599983215332,33.619998931884766,34.459999084472656,33.84000015258789,15470400.0,28.113632202148438
2011-08-26,34.470001220703125,33.61000061035156,34.099998474121094,34.0,18409800.0,28.246559143066406
2011-08-29,34.47999954223633,33.79999923706055,34.47999954223633,33.9900016784668,14713500.0,28.238258361816406
2011-08-30,33.83000183105469,33.29999923706055,33.72999954223633,33.56999969482422,16123400.0,28.095970153808594
2011-08-31,33.90999984741211,33.18000030517578,33.84000015258789,33.380001068115234,17507500.0,27.936946868896484
2011-09-01,33.779998779296875,32.869998931884766,33.529998779296875,32.93000030517578,15358200.0,27.56032943725586
2011-09-02,32.58000183105469,31.920000076293945,32.27000045776367,32.18000030517578,12277400.0,26.93262481689453
2011-09-06,32.119998931884766,31.079999923706055,31.149999618530273,32.04999923706055,12043700.0,26.82382583618164
2011-09-07,32.869998931884766,32.349998474121094,32.59000015258789,32.869998931884766,13313200.0,27.510116577148438
2011-09-08,32.88999938964844,32.29999923706055,32.70000076293945,32.459999084472656,9915100.0,27.166969299316406
2011-09-09,32.349998474121094,31.540000915527344,32.060001373291016,31.8700008392334,11734600.0,26.673175811767578
2011-09-12,32.369998931884766,31.170000076293945,31.190000534057617,32.349998474121094,12102200.0,27.07490348815918
2011-09-13,32.84000015258789,32.13999938964844,32.369998931884766,32.65999984741211,12607700.0,27.334360122680664
2011-09-14,34.0,32.68000030517578,32.72999954223633,33.540000915527344,15407500.0,28.070858001708984
2011-09-15,34.29999923706055,33.689998626708984,33.88999938964844,34.279998779296875,12017900.0,28.690200805664062
2011-09-16,35.0,34.47999954223633,34.630001068115234,34.61000061035156,20791300.0,28.966384887695312
2011-09-19,34.4900016784668,33.83000183105469,34.060001373291016,34.349998474121094,8805400.0,28.748788833618164
2011-09-20,35.33000183105469,34.209999084472656,34.5,34.810001373291016,13980300.0,29.133773803710938
2011-09-21,35.029998779296875,33.790000915527344,34.880001068115234,33.84000015258789,11896600.0,28.321943283081055
2011-09-22,33.77000045776367,32.58000183105469,32.79999923706055,33.04999923706055,19984900.0,27.660757064819336
2011-09-23,33.86000061035156,32.90999984741211,32.97999954223633,33.720001220703125,12993800.0,28.221508026123047
2011-09-26,34.0,32.97999954223633,33.7400016784668,34.0,17329700.0,28.455860137939453
2011-09-27,34.65999984741211,33.689998626708984,34.58000183105469,33.880001068115234,13172200.0,28.35542106628418
2011-09-28,34.29999923706055,33.56999969482422,34.029998779296875,33.599998474121094,9723100.0,28.121078491210938
2011-09-29,34.47999954223633,33.04999923706055,34.040000915527344,33.790000915527344,14233100.0,28.280099868774414
2011-09-30,33.650001525878906,32.84000015258789,33.25,32.869998931884766,10915500.0,27.510116577148438
2011-10-03,33.0,31.579999923706055,32.79999923706055,31.59000015258789,17929700.0,26.438833236694336
2011-10-04,32.54999923706055,31.030000686645508,31.1299991607666,32.470001220703125,15100000.0,27.175342559814453
2011-10-05,33.040000915527344,31.75,31.84000015258789,32.83000183105469,16324600.0,27.476640701293945
2011-10-06,33.400001525878906,32.400001525878906,32.5099983215332,33.380001068115234,9052800.0,27.936946868896484
2011-10-07,34.34000015258789,33.47999954223633,33.63999938964844,33.91999816894531,12809500.0,28.388904571533203
2011-10-10,34.65999984741211,34.16999816894531,34.290000915527344,34.65999984741211,8757300.0,29.008228302001953
2011-10-11,34.81999969482422,34.22999954223633,34.599998474121094,34.709999084472656,8010300.0,29.05008316040039
2011-10-12,35.09000015258789,34.709999084472656,34.90999984741211,34.720001220703125,10671200.0,29.05845069885254
2011-10-13,34.709999084472656,34.04999923706055,34.52000045776367,34.40999984741211,8943700.0,28.79899787902832
2011-10-14,35.08000183105469,34.4900016784668,34.81999969482422,35.04999923706055,7648700.0,29.334638595581055
2011-10-17,35.47999954223633,34.59000015258789,34.849998474121094,34.650001525878906,8837700.0,28.999860763549805
2011-10-18,36.20000076293945,34.43000030517578,34.7400016784668,35.95000076293945,15042600.0,30.087879180908203
2011-10-19,36.02000045776367,35.290000915527344,35.790000915527344,35.400001525878906,9948800.0,29.627565383911133
2011-10-20,35.849998474121094,35.15999984741211,35.599998474121094,35.72999954223633,9481300.0,29.90375518798828
2011-10-21,36.86000061035156,35.9900016784668,36.150001525878906,36.86000061035156,14116400.0,30.849491119384766
2011-10-24,37.349998474121094,36.560001373291016,37.119998931884766,36.70000076293945,11163800.0,30.715585708618164
2011-10-25,36.75,35.970001220703125,36.52000045776367,36.040000915527344,10883800.0,30.163209915161133
2011-10-26,36.65999984741211,35.650001525878906,36.400001525878906,36.54999923706055,11159200.0,30.59003448486328
2011-10-27,37.650001525878906,36.790000915527344,37.540000915527344,37.220001220703125,11760900.0,31.150787353515625
2011-10-28,37.18000030517578,36.029998779296875,36.91999816894531,36.119998931884766,14076900.0,30.23015594482422
2011-10-31,36.02000045776367,35.68000030517578,35.84000015258789,35.79999923706055,10288000.0,29.962343215942383
2011-11-01,35.97999954223633,34.58000183105469,34.7400016784668,35.540000915527344,13087000.0,29.74472999572754
2011-11-02,36.20000076293945,35.7599983215332,36.11000061035156,35.9900016784668,9894700.0,30.121362686157227
2011-11-03,36.5,35.689998626708984,36.2400016784668,36.45000076293945,9028600.0,30.506357192993164
2011-11-04,36.41999816894531,35.849998474121094,36.130001068115234,36.38999938964844,6245200.0,30.45612907409668
2011-11-07,37.41999816894531,36.56999969482422,36.709999084472656,37.34000015258789,12573600.0,31.25122833251953
2011-11-08,38.0,37.279998779296875,37.560001373291016,37.939998626708984,9872600.0,31.753385543823242
2011-11-09,37.779998779296875,37.029998779296875,37.45000076293945,37.15999984741211,10918000.0,31.100574493408203
2011-11-10,37.540000915527344,37.04999923706055,37.470001220703125,37.20000076293945,7287700.0,31.134050369262695
2011-11-11,38.380001068115234,37.5,37.5,38.060001373291016,10185600.0,31.85381507873535
2011-11-14,38.540000915527344,37.95000076293945,38.150001525878906,38.25,13926600.0,32.01283645629883
2011-11-15,38.7400016784668,37.849998474121094,38.58000183105469,38.06999969482422,15280400.0,31.862186431884766
2011-11-16,38.75,37.58000183105469,37.650001525878906,37.84000015258789,11800000.0,31.669692993164062
2011-11-17,38.09000015258789,37.2400016784668,37.84000015258789,37.619998931884766,11376300.0,31.485563278198242
2011-11-18,37.95000076293945,37.290000915527344,37.83000183105469,37.880001068115234,11816000.0,31.703168869018555
2011-11-21,37.849998474121094,36.689998626708984,37.5,37.060001373291016,11602100.0,31.016874313354492
2011-11-22,37.470001220703125,36.779998779296875,37.0099983215332,37.099998474121094,8235700.0,31.050357818603516
2011-11-23,36.88999938964844,36.470001220703125,36.779998779296875,36.52000045776367,6710500.0,30.564943313598633
2011-11-25,36.95000076293945,36.40999984741211,36.4900016784668,36.470001220703125,3616800.0,30.523090362548828
2011-11-28,37.720001220703125,37.06999969482422,37.189998626708984,37.29999923706055,8060800.0,31.217742919921875
2011-11-29,39.099998474121094,37.2599983215332,37.400001525878906,38.959999084472656,20793800.0,32.8625602722168
2011-11-30,39.790000915527344,38.59000015258789,39.45000076293945,39.220001220703125,19655000.0,33.081871032714844
2011-12-01,39.560001373291016,38.790000915527344,38.86000061035156,39.34000015258789,9621900.0,33.183082580566406
2011-12-02,40.459999084472656,39.66999816894531,39.689998626708984,39.939998626708984,17909600.0,33.689178466796875
2011-12-05,40.59000015258789,39.790000915527344,40.130001068115234,40.22999954223633,13964300.0,33.93379211425781
2011-12-06,40.720001220703125,39.970001220703125,40.09000015258789,40.31999969482422,12500900.0,34.00971984863281
2011-12-07,40.93000030517578,40.040000915527344,40.08000183105469,40.72999954223633,12196100.0,34.35554504394531
2011-12-08,40.79999923706055,39.84000015258789,40.4900016784668,39.90999984741211,12008200.0,33.663883209228516
2011-12-09,40.40999984741211,39.9900016784668,40.119998931884766,40.22999954223633,10311000.0,33.93379211425781
2011-12-12,40.11000061035156,39.310001373291016,39.849998474121094,40.04999923706055,11089400.0,33.78196716308594
2011-12-13,40.25,39.36000061035156,40.220001220703125,39.5099983215332,11351400.0,33.326480865478516
2011-12-14,39.56999969482422,38.84000015258789,39.369998931884766,39.13999938964844,12084800.0,33.01439666748047
2011-12-15,39.959999084472656,39.380001068115234,39.619998931884766,39.41999816894531,10784900.0,33.25055694580078
2011-12-16,40.540000915527344,39.7400016784668,39.75,40.41999816894531,20212600.0,34.09406280517578
2011-12-19,40.810001373291016,40.11000061035156,40.310001373291016,40.20000076293945,8901900.0,33.90849685668945
2011-12-20,41.9900016784668,40.779998779296875,40.779998779296875,41.95000076293945,20396200.0,35.384613037109375
2011-12-21,42.04999923706055,41.560001373291016,41.91999816894531,42.0,12073900.0,35.426788330078125
2011-12-22,42.13999938964844,41.650001525878906,41.93000030517578,41.91999816894531,9880000.0,35.35930252075195
2011-12-23,42.130001068115234,41.689998626708984,41.97999954223633,42.09000015258789,4353700.0,35.5026969909668
2011-12-27,42.470001220703125,41.91999816894531,41.9900016784668,42.220001220703125,4763300.0,35.61235046386719
2011-12-28,42.38999938964844,41.52000045776367,42.22999954223633,41.529998779296875,5136600.0,35.03033447265625
2011-12-29,42.029998779296875,41.58000183105469,41.709999084472656,42.0099983215332,6297000.0,35.435211181640625
2011-12-30,42.31999969482422,42.0099983215332,42.150001525878906,42.040000915527344,4773800.0,35.460533142089844
2012-01-03,42.900001525878906,42.06999969482422,42.40999984741211,42.13999938964844,8452900.0,35.54487991333008
2012-01-04,42.91999816894531,41.91999816894531,42.060001373291016,42.7400016784668,11085800.0,36.05096435546875
2012-01-05,43.20000076293945,42.38999938964844,42.630001068115234,43.09000015258789,10245500.0,36.34618377685547
2012-01-06,43.29999923706055,42.79999923706055,43.0,43.20000076293945,7285500.0,36.43898391723633
2012-01-09,43.29999923706055,42.75,43.18000030517578,43.22999954223633,7346600.0,36.46427917480469
2012-01-10,43.599998474121094,43.119998931884766,43.529998779296875,43.529998779296875,7497500.0,36.71733093261719
2012-01-11,43.599998474121094,43.15999984741211,43.52000045776367,43.459999084472656,8222100.0,36.65828323364258
2012-01-12,43.65999984741211,43.130001068115234,43.59000015258789,43.38999938964844,8449900.0,36.599239349365234
2012-01-13,43.529998779296875,42.91999816894531,43.11000061035156,43.5099983215332,8076200.0,36.70046615600586
2012-01-17,43.959999084472656,43.52000045776367,43.61000061035156,43.7400016784668,7709100.0,36.89445495605469
2012-01-18,44.9900016784668,43.70000076293945,43.720001220703125,44.880001068115234,13147000.0,37.85603713989258
2012-01-19,45.41999816894531,44.45000076293945,44.869998931884766,45.40999984741211,15722900.0,38.30311584472656
2012-01-20,45.5,44.310001373291016,45.45000076293945,44.5099983215332,12589200.0,37.54396057128906
2012-01-23,44.9900016784668,43.97999954223633,44.31999969482422,44.880001068115234,13779200.0,37.85603713989258
2012-01-24,45.130001068115234,44.560001373291016,44.70000076293945,44.959999084472656,10953000.0,37.923519134521484
2012-01-25,45.40999984741211,44.599998474121094,44.83000183105469,45.2599983215332,9930000.0,38.176570892333984
2012-01-26,45.349998474121094,44.470001220703125,45.349998474121094,44.95000076293945,11174400.0,37.91508102416992
2012-01-27,45.0,44.40999984741211,44.72999954223633,44.869998931884766,7924800.0,37.84761428833008
2012-01-30,44.790000915527344,44.220001220703125,44.58000183105469,44.77000045776367,6724600.0,37.763267517089844
2012-01-31,45.25,44.2599983215332,44.869998931884766,44.38999938964844,10343500.0,37.44273376464844
2012-02-01,44.90999984741211,44.41999816894531,44.689998626708984,44.470001220703125,10906400.0,37.510215759277344
2012-02-02,44.619998931884766,44.29999923706055,44.54999923706055,44.459999084472656,8963500.0,37.50177764892578
2012-02-03,45.27000045776367,44.81999969482422,44.81999969482422,45.16999816894531,10422700.0,38.10066223144531
2012-02-06,45.279998779296875,44.9900016784668,45.04999923706055,45.20000076293945,8091400.0,38.12595748901367
2012-02-07,45.58000183105469,45.099998474121094,45.130001068115234,45.459999084472656,9725400.0,38.34527587890625
2012-02-08,45.470001220703125,44.849998474121094,45.459999084472656,45.16999816894531,7578800.0,38.10066223144531
2012-02-09,45.369998931884766,44.83000183105469,45.27000045776367,45.27000045776367,5356700.0,38.185020446777344
2012-02-10,45.33000183105469,44.93000030517578,44.970001220703125,45.33000183105469,5026100.0,38.235626220703125
2012-02-13,46.11000061035156,45.45000076293945,45.52000045776367,45.93000030517578,9184000.0,38.741722106933594
2012-02-14,46.209999084472656,45.68000030517578,45.86000061035156,46.060001373291016,7717100.0,38.85136795043945
2012-02-15,46.16999816894531,45.650001525878906,45.7599983215332,45.709999084472656,7486800.0,38.556148529052734
2012-02-16,46.22999954223633,45.720001220703125,45.88999938964844,45.93000030517578,7453800.0,38.741722106933594
2012-02-17,46.720001220703125,46.09000015258789,46.150001525878906,46.709999084472656,11555900.0,39.39963150024414
2012-02-21,48.06999969482422,46.63999938964844,48.060001373291016,46.91999816894531,20475700.0,39.5767822265625
2012-02-22,47.2400016784668,46.45000076293945,46.79999923706055,46.56999969482422,11639500.0,39.28156280517578
2012-02-23,47.20000076293945,46.52000045776367,46.540000915527344,46.95000076293945,9232100.0,39.60207748413086
2012-02-24,47.13999938964844,46.779998779296875,47.0,46.97999954223633,9730700.0,39.62738037109375
2012-02-27,47.369998931884766,46.59000015258789,46.70000076293945,46.93000030517578,9804600.0,39.585205078125
2012-02-28,47.33000183105469,46.83000183105469,47.189998626708984,47.22999954223633,7947700.0,39.838260650634766
2012-02-29,47.79999923706055,47.20000076293945,47.209999084472656,47.56999969482422,11348600.0,40.12504959106445
2012-03-01,47.88999938964844,47.290000915527344,47.529998779296875,47.459999084472656,7940900.0,40.03226852416992
2012-03-02,47.630001068115234,47.27000045776367,47.439998626708984,47.40999984741211,5916700.0,39.99008560180664
2012-03-05,47.68000030517578,46.939998626708984,47.279998779296875,47.38999938964844,9044600.0,39.97321701049805
2012-03-06,46.720001220703125,46.119998931884766,46.63999938964844,46.38999938964844,9087000.0,39.37065505981445
2012-03-07,47.5,46.36000061035156,46.40999984741211,47.38999938964844,10648900.0,40.219337463378906
2012-03-08,47.9900016784668,47.459999084472656,47.529998779296875,47.81999969482422,10433000.0,40.58427429199219
2012-03-09,48.18000030517578,47.83000183105469,47.91999816894531,48.099998474121094,8799200.0,40.821903228759766
2012-03-12,48.65999984741211,48.0,48.06999969482422,48.59000015258789,9458800.0,41.23775863647461
2012-03-13,49.16999816894531,48.599998474121094,48.70000076293945,49.13999938964844,10853100.0,41.70454406738281
2012-03-14,49.709999084472656,49.22999954223633,49.41999816894531,49.470001220703125,10076400.0,41.984622955322266
2012-03-15,49.439998626708984,48.869998931884766,49.40999984741211,49.20000076293945,8869200.0,41.75546646118164
2012-03-16,49.52000045776367,48.849998474121094,49.45000076293945,49.04999923706055,13267200.0,41.6281623840332
2012-03-19,48.9900016784668,48.47999954223633,48.90999984741211,48.83000183105469,9028200.0,41.44144821166992
2012-03-20,49.5,48.560001373291016,48.560001373291016,49.380001068115234,7629300.0,41.908226013183594
2012-03-21,49.93000030517578,49.310001373291016,49.380001068115234,49.790000915527344,10347800.0,42.25619125366211
2012-03-22,49.880001068115234,49.34000015258789,49.470001220703125,49.68000030517578,7195700.0,42.1628303527832
2012-03-23,49.58000183105469,48.75,49.380001068115234,49.540000915527344,8655700.0,42.04401779174805
2012-03-26,50.150001525878906,49.70000076293945,49.709999084472656,50.130001068115234,11740100.0,42.54474639892578
2012-03-27,50.349998474121094,50.0,50.04999923706055,50.040000915527344,7785700.0,42.468360900878906
2012-03-28,50.25,49.599998474121094,49.88999938964844,49.90999984741211,7982700.0,42.358036041259766
2012-03-29,49.939998626708984,49.400001525878906,49.5,49.90999984741211,5491400.0,42.358036041259766
2012-03-30,50.41999816894531,50.0,50.0,50.310001373291016,7713000.0,42.697509765625
2012-04-02,50.25,49.7599983215332,50.099998474121094,49.9900016784668,8435800.0,42.42593002319336
2012-04-03,50.2400016784668,49.709999084472656,49.83000183105469,50.0,8669600.0,42.43442153930664
2012-04-04,50.0099983215332,49.560001373291016,49.790000915527344,49.849998474121094,6280000.0,42.30710220336914
2012-04-05,50.66999816894531,49.560001373291016,49.689998626708984,50.619998931884766,9558500.0,42.96060562133789
2012-04-09,50.689998626708984,49.869998931884766,49.869998931884766,50.58000183105469,8302700.0,42.926658630371094
2012-04-10,50.86000061035156,49.36000061035156,50.31999969482422,49.36000061035156,13245100.0,41.89126205444336
2012-04-11,49.939998626708984,49.61000061035156,49.68000030517578,49.75,7631100.0,42.22224426269531
2012-04-12,50.68000030517578,49.65999984741211,49.849998474121094,50.630001068115234,10472200.0,42.96910095214844
2012-04-13,51.279998779296875,50.599998474121094,50.599998474121094,50.959999084472656,10430600.0,43.24916076660156
2012-04-16,51.849998474121094,50.939998626708984,51.439998626708984,51.689998626708984,10239000.0,43.86870193481445
2012-04-17,52.150001525878906,51.2599983215332,51.790000915527344,52.029998779296875,9054400.0,44.157257080078125
2012-04-18,51.959999084472656,51.5,51.86000061035156,51.810001373291016,7051600.0,43.970542907714844
2012-04-19,51.970001220703125,51.290000915527344,51.79999923706055,51.560001373291016,10894800.0,43.75836944580078
2012-04-20,51.93000030517578,51.2599983215332,51.79999923706055,51.459999084472656,11027600.0,43.673492431640625
2012-04-23,51.2599983215332,50.65999984741211,51.150001525878906,51.099998474121094,6801100.0,43.36797332763672
2012-04-24,51.66999816894531,50.86000061035156,51.2400016784668,51.22999954223633,6437400.0,43.47829818725586
2012-04-25,52.029998779296875,51.45000076293945,51.4900016784668,51.90999984741211,6529100.0,44.05540466308594
2012-04-26,52.04999923706055,51.400001525878906,51.79999923706055,51.869998931884766,7361400.0,44.021461486816406
2012-04-27,52.38999938964844,51.290000915527344,52.0099983215332,51.95000076293945,11022100.0,44.08937072753906
2012-04-30,51.959999084472656,51.58000183105469,51.900001525878906,51.790000915527344,6800700.0,43.95356750488281
2012-05-01,52.75,51.58000183105469,51.93000030517578,52.31999969482422,8474800.0,44.40336227416992
2012-05-02,52.849998474121094,52.13999938964844,52.189998626708984,52.709999084472656,10109100.0,44.73436737060547
2012-05-03,52.880001068115234,52.2400016784668,52.70000076293945,52.470001220703125,10470300.0,44.530670166015625
2012-05-04,52.36000061035156,51.70000076293945,52.290000915527344,51.959999084472656,8564700.0,44.09784698486328
2012-05-07,51.83000183105469,51.36000061035156,51.599998474121094,51.38999938964844,8532000.0,43.61409378051758
2012-05-08,51.279998779296875,49.810001373291016,51.220001220703125,50.619998931884766,15807200.0,42.96060562133789
2012-05-09,50.369998931884766,49.849998474121094,50.189998626708984,50.11000061035156,17577400.0,42.52777862548828
2012-05-10,50.75,50.369998931884766,50.52000045776367,50.619998931884766,16080300.0,42.96060562133789
2012-05-11,50.880001068115234,50.04999923706055,50.25,50.34000015258789,10489700.0,42.72296905517578
2012-05-14,50.59000015258789,49.720001220703125,50.13999938964844,49.880001068115234,12329400.0,42.33256530761719
2012-05-15,49.5,47.22999954223633,47.900001525878906,48.66999816894531,28826600.0,41.3056526184082
2012-05-16,49.31999969482422,48.75,48.900001525878906,48.77000045776367,14756500.0,41.39052200317383
2012-05-17,48.70000076293945,47.0099983215332,48.689998626708984,47.02000045776367,15699100.0,39.90532302856445
2012-05-18,47.540000915527344,46.720001220703125,47.0,47.04999923706055,12962200.0,39.930782318115234
2012-05-21,47.81999969482422,46.369998931884766,46.4900016784668,47.61000061035156,12713000.0,40.40605163574219
2012-05-22,48.58000183105469,47.68000030517578,47.9900016784668,48.2599983215332,15028300.0,40.95769500732422
2012-05-23,48.79999923706055,47.83000183105469,47.97999954223633,48.7400016784668,13489900.0,41.36507797241211
2012-05-24,49.720001220703125,48.66999816894531,48.83000183105469,49.709999084472656,9702000.0,42.188297271728516
2012-05-25,50.09000015258789,49.31999969482422,49.75,49.439998626708984,9819200.0,41.95915985107422
2012-05-29,49.91999816894531,49.27000045776367,49.619998931884766,49.779998779296875,8582600.0,42.49697494506836
2012-05-30,49.779998779296875,48.90999984741211,49.54999923706055,49.709999084472656,11996300.0,42.43721008300781
2012-05-31,49.77000045776367,49.15999984741211,49.619998931884766,49.34000015258789,14217000.0,42.1213493347168
2012-06-01,49.25,47.91999816894531,48.849998474121094,47.959999084472656,12638700.0,40.94325637817383
2012-06-04,48.880001068115234,47.75,47.90999984741211,48.7599983215332,15969800.0,41.62620544433594
2012-06-05,49.08000183105469,48.279998779296875,48.47999954223633,48.91999816894531,9457500.0,41.7628059387207
2012-06-06,50.599998474121094,49.34000015258789,49.5,50.599998474121094,19333500.0,43.196998596191406
2012-06-07,51.619998931884766,50.90999984741211,51.119998931884766,51.2400016784668,20693300.0,43.74338150024414
2012-06-08,52.36000061035156,51.04999923706055,51.209999084472656,52.349998474121094,13338300.0,44.69097137451172
2012-06-11,52.689998626708984,51.279998779296875,52.59000015258789,51.349998474121094,11729100.0,43.8372802734375
2012-06-12,52.29999923706055,51.400001525878906,51.540000915527344,52.2400016784668,9006300.0,44.59706115722656
2012-06-13,51.900001525878906,50.810001373291016,51.779998779296875,50.970001220703125,14524800.0,43.51287078857422
2012-06-14,52.56999969482422,51.27000045776367,51.45000076293945,52.15999984741211,16512900.0,44.528770446777344
2012-06-15,52.5,51.61000061035156,52.09000015258789,51.869998931884766,17480700.0,44.28120040893555
2012-06-18,52.630001068115234,51.650001525878906,51.93000030517578,52.31999969482422,11636100.0,44.665367126464844
2012-06-19,53.220001220703125,52.540000915527344,52.75,52.970001220703125,10420400.0,45.22026824951172
2012-06-20,53.279998779296875,52.34000015258789,53.099998474121094,52.83000183105469,9376400.0,45.10075378417969
2012-06-21,53.0,51.2400016784668,52.810001373291016,51.2599983215332,20047000.0,43.76044464111328
2012-06-22,52.02000045776367,51.400001525878906,51.70000076293945,52.02000045776367,22946500.0,44.409263610839844
2012-06-25,51.720001220703125,51.209999084472656,51.59000015258789,51.52000045776367,10104700.0,43.98241424560547
2012-06-26,52.220001220703125,51.310001373291016,51.630001068115234,51.880001068115234,9202500.0,44.28973388671875
2012-06-27,51.93000030517578,51.41999816894531,51.900001525878906,51.54999923706055,12224000.0,44.00801467895508
2012-06-28,51.86000061035156,50.88999938964844,51.380001068115234,51.689998626708984,11017000.0,44.12753677368164
2012-06-29,52.9900016784668,52.189998626708984,52.2599983215332,52.9900016784668,9688100.0,45.237342834472656
2012-07-02,53.2400016784668,52.5099983215332,52.959999084472656,53.0099983215332,9738900.0,45.254417419433594
2012-07-03,51.970001220703125,50.869998931884766,51.869998931884766,51.650001525878906,13270600.0,44.093387603759766
2012-07-05,52.290000915527344,51.310001373291016,51.36000061035156,52.11000061035156,9036100.0,44.4860954284668
2012-07-06,52.27000045776367,51.689998626708984,51.790000915527344,52.150001525878906,7127700.0,44.520240783691406
2012-07-09,52.29999923706055,51.72999954223633,52.20000076293945,52.119998931884766,6132600.0,44.49462890625
2012-07-10,52.75,52.060001373291016,52.439998626708984,52.220001220703125,8368700.0,44.57999801635742
2012-07-11,52.61000061035156,51.380001068115234,52.209999084472656,51.66999816894531,10075500.0,44.11046600341797
2012-07-12,51.849998474121094,50.86000061035156,51.06999969482422,51.54999923706055,9535000.0,44.00801467895508
2012-07-13,52.20000076293945,51.70000076293945,51.86000061035156,52.09000015258789,7970300.0,44.46901321411133
2012-07-16,51.810001373291016,50.93000030517578,51.810001373291016,51.45000076293945,8484000.0,43.92264938354492
2012-07-17,51.09000015258789,50.279998779296875,50.91999816894531,50.720001220703125,16519200.0,43.2994499206543
2012-07-18,51.029998779296875,50.31999969482422,50.59000015258789,50.90999984741211,9222600.0,43.4616584777832
2012-07-19,51.380001068115234,50.5,51.0099983215332,50.959999084472656,10630900.0,43.50434112548828
2012-07-20,51.08000183105469,50.599998474121094,50.880001068115234,50.70000076293945,8926100.0,43.282386779785156
2012-07-23,51.2400016784668,49.77000045776367,50.11000061035156,50.959999084472656,10575800.0,43.50434112548828
2012-07-24,51.29999923706055,50.61000061035156,50.959999084472656,51.16999816894531,8847100.0,43.68362045288086
2012-07-25,51.849998474121094,51.0,51.4900016784668,51.06999969482422,8365500.0,43.59823989868164
2012-07-26,52.959999084472656,51.7400016784668,51.7400016784668,52.90999984741211,12548400.0,45.169044494628906
2012-07-27,54.279998779296875,52.90999984741211,52.9900016784668,53.709999084472656,9140400.0,45.85200500488281
2012-07-30,53.7599983215332,52.810001373291016,53.459999084472656,53.25,9024400.0,45.45930099487305
2012-07-31,53.0,52.119998931884766,52.97999954223633,52.18000030517578,11606100.0,44.54584884643555
2012-08-01,52.529998779296875,51.54999923706055,52.310001373291016,51.68000030517578,8327200.0,44.1190071105957
2012-08-02,52.08000183105469,51.209999084472656,51.540000915527344,51.38999938964844,9536700.0,43.87142562866211
2012-08-03,52.34000015258789,51.86000061035156,52.20000076293945,52.290000915527344,7484300.0,44.63975143432617
2012-08-06,52.7400016784668,51.939998626708984,52.40999984741211,52.0,7471600.0,44.392173767089844
2012-08-07,52.529998779296875,51.779998779296875,52.25,52.400001525878906,6519100.0,44.733665466308594
2012-08-08,52.849998474121094,51.95000076293945,52.130001068115234,52.790000915527344,5398200.0,45.06660461425781
2012-08-09,53.41999816894531,52.4900016784668,52.540000915527344,53.150001525878906,8324900.0,45.373939514160156
2012-08-10,53.09000015258789,52.58000183105469,52.95000076293945,53.060001373291016,9086700.0,45.297096252441406
2012-08-13,53.22999954223633,52.650001525878906,53.150001525878906,52.81999969482422,9982500.0,45.09221649169922
2012-08-14,54.97999954223633,53.720001220703125,54.150001525878906,54.709999084472656,19528000.0,46.7056999206543
2012-08-15,55.34000015258789,54.68000030517578,54.75,55.0,9630600.0,46.95327377319336
2012-08-16,56.470001220703125,54.970001220703125,55.0,56.310001373291016,10150600.0,48.071617126464844
2012-08-17,57.18000030517578,56.06999969482422,56.2599983215332,56.72999954223633,11263000.0,48.43016052246094
2012-08-20,56.66999816894531,55.97999954223633,56.56999969482422,56.56999969482422,8435300.0,48.2935676574707
2012-08-21,56.900001525878906,56.119998931884766,56.66999816894531,56.31999969482422,8382600.0,48.08013916015625
2012-08-22,56.91999816894531,56.220001220703125,56.29999923706055,56.63999938964844,6677800.0,48.35332489013672
2012-08-23,56.93000030517578,56.45000076293945,56.58000183105469,56.54999923706055,6613200.0,48.2764892578125
2012-08-24,57.0,56.38999938964844,56.38999938964844,56.959999084472656,5784000.0,48.62651062011719
2012-08-27,57.08000183105469,56.41999816894531,57.08000183105469,56.66999816894531,7164000.0,48.378936767578125
2012-08-28,56.849998474121094,56.20000076293945,56.2400016784668,56.529998779296875,4758300.0,48.507652282714844
2012-08-29,57.0099983215332,56.540000915527344,56.689998626708984,56.84000015258789,4593900.0,48.77366256713867
2012-08-30,56.79999923706055,56.470001220703125,56.709999084472656,56.619998931884766,5846200.0,48.584877014160156
2012-08-31,56.970001220703125,56.54999923706055,56.810001373291016,56.75,7446700.0,48.69644546508789
2012-09-04,57.0,56.470001220703125,56.790000915527344,56.790000915527344,5914100.0,48.730751037597656
2012-09-05,57.31999969482422,56.369998931884766,56.970001220703125,56.540000915527344,6068500.0,48.51624298095703
2012-09-06,57.66999816894531,56.5,56.5,57.650001525878906,7706900.0,49.46872329711914
2012-09-07,57.88999938964844,57.040000915527344,57.7599983215332,57.2599983215332,6808700.0,49.134056091308594
2012-09-10,57.880001068115234,57.220001220703125,57.47999954223633,57.29999923706055,6903700.0,49.16838455200195
2012-09-11,57.29999923706055,56.61000061035156,57.22999954223633,56.720001220703125,7490100.0,48.670692443847656
2012-09-12,57.099998474121094,56.43000030517578,56.849998474121094,57.04999923706055,7774400.0,48.953861236572266
2012-09-13,58.38999938964844,56.810001373291016,57.06999969482422,58.29999923706055,10772200.0,50.026466369628906
2012-09-14,59.709999084472656,58.65999984741211,58.720001220703125,59.459999084472656,12476500.0,51.0218505859375
2012-09-17,59.470001220703125,58.66999816894531,59.20000076293945,58.90999984741211,7985900.0,50.549896240234375
2012-09-18,59.04999923706055,58.5099983215332,58.970001220703125,58.86000061035156,5216500.0,50.506996154785156
2012-09-19,60.0,59.0,59.18000030517578,59.470001220703125,6648700.0,51.030433654785156
2012-09-20,59.29999923706055,58.7599983215332,59.189998626708984,59.279998779296875,6362100.0,50.867393493652344
2012-09-21,59.93000030517578,59.310001373291016,59.58000183105469,59.41999816894531,9011000.0,50.9875373840332
2012-09-24,59.52000045776367,58.880001068115234,59.349998474121094,59.38999938964844,5589200.0,50.961788177490234
2012-09-25,60.58000183105469,59.619998931884766,59.83000183105469,59.720001220703125,9723100.0,51.24495315551758
2012-09-26,59.95000076293945,59.130001068115234,59.58000183105469,59.16999816894531,8583300.0,50.77300262451172
2012-09-27,60.20000076293945,59.2400016784668,59.41999816894531,59.880001068115234,5824200.0,51.38224411010742
2012-09-28,60.41999816894531,59.400001525878906,59.68000030517578,60.369998931884766,7740800.0,51.802711486816406
2012-10-01,60.849998474121094,60.34000015258789,60.77000045776367,60.56999969482422,8537400.0,51.97433853149414
2012-10-02,60.88999938964844,60.150001525878906,60.869998931884766,60.33000183105469,6573100.0,51.76839065551758
2012-10-03,61.779998779296875,60.380001068115234,60.45000076293945,61.77000045776367,8468300.0,53.00404357910156
2012-10-04,62.41999816894531,61.52000045776367,61.84000015258789,61.7400016784668,8722300.0,52.97829055786133
2012-10-05,63.20000076293945,61.900001525878906,61.970001220703125,63.20000076293945,9672400.0,54.23109436035156
2012-10-08,63.099998474121094,61.7400016784668,62.97999954223633,61.880001068115234,9770300.0,53.09842300415039
2012-10-09,61.66999816894531,60.95000076293945,61.59000015258789,60.95000076293945,9707700.0,52.30039978027344
2012-10-10,61.060001373291016,59.61000061035156,60.5099983215332,59.7400016784668,15262700.0,51.26211166381836
2012-10-11,59.9900016784668,58.75,59.95000076293945,59.0099983215332,10431000.0,50.635711669921875
2012-10-12,59.81999969482422,59.15999984741211,59.25,59.560001373291016,6554400.0,51.10764694213867
2012-10-15,60.75,59.75,59.880001068115234,60.650001525878906,8072200.0,52.0429801940918
2012-10-16,61.0,60.43000030517578,60.86000061035156,60.86000061035156,7162400.0,52.22317886352539
2012-10-17,62.119998931884766,61.150001525878906,61.290000915527344,61.38999938964844,11372700.0,52.677955627441406
2012-10-18,61.900001525878906,61.349998474121094,61.38999938964844,61.79999923706055,9420000.0,53.02977752685547
2012-10-19,62.029998779296875,61.5099983215332,61.7599983215332,61.88999938964844,10798800.0,53.106998443603516
2012-10-22,62.04999923706055,61.43000030517578,61.75,62.040000915527344,7785800.0,53.235721588134766
2012-10-23,61.779998779296875,61.060001373291016,61.54999923706055,61.75,8273900.0,52.986873626708984
2012-10-24,62.22999954223633,61.22999954223633,61.95000076293945,61.279998779296875,7187200.0,52.58357238769531
2012-10-25,61.88999938964844,60.310001373291016,61.70000076293945,60.47999954223633,9604000.0,51.897098541259766
2012-10-26,60.459999084472656,59.439998626708984,60.380001068115234,60.040000915527344,10458600.0,51.51954650878906
2012-10-31,63.0,60.88999938964844,62.7599983215332,61.380001068115234,13817800.0,52.669376373291016
2012-11-01,62.38999938964844,61.720001220703125,61.95000076293945,62.2599983215332,6879900.0,53.42448425292969
2012-11-02,62.90999984741211,61.97999954223633,62.54999923706055,62.02000045776367,8905700.0,53.21855163574219
2012-11-05,62.529998779296875,61.93000030517578,62.02000045776367,62.380001068115234,4904200.0,53.5274658203125
2012-11-06,62.900001525878906,62.33000183105469,62.59000015258789,62.619998931884766,7017900.0,53.73341369628906
2012-11-07,62.369998931884766,61.43000030517578,62.34000015258789,61.9900016784668,8778000.0,53.19281768798828
2012-11-08,61.9900016784668,60.84000015258789,61.79999923706055,60.86000061035156,7251300.0,52.22317886352539
2012-11-09,61.349998474121094,60.310001373291016,60.65999984741211,60.959999084472656,6562300.0,52.30899429321289
2012-11-12,61.43000030517578,60.5,61.2400016784668,61.15999984741211,8353500.0,52.480594635009766
2012-11-13,64.44000244140625,62.150001525878906,62.349998474121094,63.380001068115234,21441300.0,54.38554763793945
2012-11-14,63.5,61.31999969482422,63.2400016784668,61.470001220703125,13379700.0,52.746604919433594
2012-11-15,61.880001068115234,61.040000915527344,61.27000045776367,61.25,8204600.0,52.55782699584961
2012-11-16,62.279998779296875,61.029998779296875,61.029998779296875,62.119998931884766,9059100.0,53.30435562133789
2012-11-19,63.34000015258789,62.29999923706055,62.4900016784668,63.33000183105469,10036100.0,54.34264373779297
2012-11-20,63.869998931884766,63.150001525878906,63.220001220703125,63.81999969482422,8560400.0,54.76311492919922
2012-11-21,64.18000030517578,63.5,63.65999984741211,64.08999633789062,5574000.0,54.99478530883789
2012-11-23,64.83000183105469,64.12000274658203,64.27999877929688,64.81999969482422,3721900.0,55.6212043762207
2012-11-26,64.88999938964844,64.16000366210938,64.5999984741211,64.66999816894531,6719200.0,55.49247360229492
2012-11-27,64.45999908447266,63.54999923706055,64.01000213623047,64.16000366210938,8234300.0,55.302852630615234
2012-11-28,64.8499984741211,63.369998931884766,63.869998931884766,64.83000183105469,7759600.0,55.8803596496582
2012-11-29,65.0199966430664,64.0999984741211,64.55999755859375,64.23999786376953,7629200.0,55.371803283691406
2012-11-30,65.2300033569336,64.04000091552734,64.4000015258789,65.06999969482422,9271800.0,56.08723068237305
2012-12-03,65.91999816894531,64.9000015258789,65.0,64.9800033569336,6696200.0,56.00965881347656
2012-12-04,64.98999786376953,64.2300033569336,64.93000030517578,64.23999786376953,7787600.0,55.371803283691406
2012-12-05,64.4800033569336,63.45000076293945,64.16999816894531,64.0199966430664,6050500.0,55.18217468261719
2012-12-06,64.44999694824219,63.63999938964844,64.05999755859375,64.33999633789062,5837400.0,55.4580078125
2012-12-07,64.75,64.04000091552734,64.5999984741211,64.44999694824219,6092800.0,55.552818298339844
2012-12-10,64.33999633789062,63.029998779296875,64.33999633789062,63.040000915527344,8150000.0,54.33747482299805
2012-12-11,63.5,62.75,63.27000045776367,62.88999938964844,6880200.0,54.20817947387695
2012-12-12,63.2400016784668,62.650001525878906,63.189998626708984,62.93000030517578,7216500.0,54.24264144897461
2012-12-13,63.279998779296875,62.349998474121094,63.040000915527344,62.40999984741211,5875900.0,53.79442596435547
2012-12-14,62.41999816894531,61.790000915527344,62.33000183105469,62.060001373291016,5783500.0,53.49275588989258
2012-12-17,63.34000015258789,61.9900016784668,62.150001525878906,63.310001373291016,8188700.0,54.570194244384766
2012-12-18,63.38999938964844,62.70000076293945,63.38999938964844,63.0,7751400.0,54.30298614501953
2012-12-19,63.13999938964844,61.75,63.130001068115234,61.77000045776367,7597900.0,53.2427864074707
2012-12-20,61.97999954223633,61.22999954223633,61.45000076293945,61.970001220703125,8436700.0,53.41518020629883
2012-12-21,61.720001220703125,60.54999923706055,61.31999969482422,61.31999969482422,15929900.0,52.85491943359375
2012-12-24,61.970001220703125,61.0,61.0099983215332,61.56999969482422,3022600.0,53.07040023803711
2012-12-26,61.70000076293945,61.0,61.52000045776367,61.13999938964844,4453800.0,52.69974899291992
2012-12-27,61.41999816894531,60.209999084472656,61.029998779296875,61.06999969482422,7184600.0,52.6394157409668
2012-12-28,61.52000045776367,60.27000045776367,60.61000061035156,60.650001525878906,6508700.0,52.27741241455078
2012-12-31,61.869998931884766,60.33000183105469,60.40999984741211,61.849998474121094,7880800.0,53.311744689941406
2013-01-02,63.709999084472656,62.61000061035156,63.56999969482422,63.47999954223633,9067200.0,54.71672821044922
2013-01-03,63.93000030517578,63.08000183105469,63.779998779296875,63.29999923706055,6056800.0,54.561580657958984
2013-01-04,63.369998931884766,63.0,63.209999084472656,63.18000030517578,4779100.0,54.458152770996094
2013-01-07,63.0,62.380001068115234,62.599998474121094,62.84000015258789,5466500.0,54.165069580078125
2013-01-08,63.459999084472656,62.72999954223633,62.75,63.220001220703125,5433000.0,54.492618560791016
2013-01-09,63.630001068115234,63.0099983215332,63.5099983215332,63.16999816894531,4712400.0,54.449520111083984
2013-01-10,63.619998931884766,62.779998779296875,63.380001068115234,63.619998931884766,6714100.0,54.83740234375
2013-01-11,63.7599983215332,63.34000015258789,63.470001220703125,63.70000076293945,4567100.0,54.9063606262207
2013-01-14,63.900001525878906,63.38999938964844,63.65999984741211,63.47999954223633,4532200.0,54.71672821044922
2013-01-15,64.01000213623047,63.45000076293945,63.5,63.95000076293945,5119400.0,55.121849060058594
2013-01-16,64.0,63.54999923706055,63.63999938964844,63.86000061035156,3915400.0,55.04426193237305
2013-01-17,65.29000091552734,64.04000091552734,64.19000244140625,65.05000305175781,7796000.0,56.06999969482422
2013-01-18,65.4800033569336,64.95999908447266,65.1500015258789,65.47000122070312,6534400.0,56.432010650634766
2013-01-22,65.98999786376953,65.22000122070312,65.38999938964844,65.75,6574000.0,56.67336654663086
2013-01-23,66.4800033569336,65.30999755859375,65.47000122070312,66.45999908447266,6795500.0,57.28533935546875
2013-01-24,67.69000244140625,66.55999755859375,66.55999755859375,67.3499984741211,8484600.0,58.0524787902832
2013-01-25,68.12999725341797,67.29000091552734,67.61000061035156,67.81999969482422,7494700.0,58.45759963989258
2013-01-28,68.1500015258789,67.26000213623047,68.1500015258789,67.58000183105469,6561200.0,58.250732421875
2013-01-29,67.80000305175781,66.97000122070312,67.5,67.19999694824219,6504300.0,57.923187255859375
2013-01-30,67.58000183105469,67.01000213623047,67.22000122070312,67.23999786376953,5102200.0,57.95767593383789
2013-01-31,67.55999755859375,66.91999816894531,67.2300033569336,66.91999816894531,5615900.0,57.68185043334961
2013-02-01,67.73999786376953,67.20999908447266,67.62000274658203,67.30000305175781,4983300.0,58.0093879699707
2013-02-04,67.22000122070312,66.31999969482422,66.86000061035156,66.36000061035156,4741000.0,57.19915008544922
2013-02-05,66.93000030517578,66.30999755859375,66.62999725341797,66.38999938964844,7112000.0,57.22500991821289
2013-02-06,66.72000122070312,66.0,66.04000091552734,66.66999816894531,5187000.0,57.46635818481445
2013-02-07,66.69999694824219,65.83000183105469,66.6500015258789,66.30999755859375,5743500.0,57.156036376953125
2013-02-08,67.0199966430664,66.41000366210938,66.55000305175781,67.01000213623047,4459000.0,57.759422302246094
2013-02-11,66.9800033569336,66.22000122070312,66.87000274658203,66.37999725341797,3953500.0,57.21638870239258
2013-02-12,67.43000030517578,66.5199966430664,66.69999694824219,67.31999969482422,4932500.0,58.026615142822266
2013-02-13,67.66999816894531,67.18000030517578,67.5199966430664,67.44999694824219,3668900.0,58.1386833190918
2013-02-14,67.47000122070312,66.95999908447266,67.12999725341797,67.33999633789062,5439700.0,58.04384994506836
2013-02-15,67.98999786376953,66.80000305175781,67.5199966430664,67.5199966430664,8131200.0,58.19901657104492
2013-02-19,67.91999816894531,66.94999694824219,67.62999725341797,67.55000305175781,5455500.0,58.22488021850586
2013-02-20,67.5999984741211,66.37000274658203,67.44000244140625,66.44000244140625,5598400.0,57.26811599731445
2013-02-21,65.91999816894531,64.29000091552734,65.86000061035156,64.37999725341797,10622400.0,55.49247360229492
2013-02-22,65.73999786376953,64.5,64.80000305175781,65.58000183105469,7500700.0,56.52683639526367
2013-02-25,66.55000305175781,63.81999969482422,65.95999908447266,63.91999816894531,10268800.0,55.095985412597656
2013-02-26,68.0,65.48999786376953,65.55999755859375,67.55999755859375,22792900.0,58.233489990234375
2013-02-27,68.27999877929688,67.37000274658203,67.58000183105469,68.05999755859375,14180400.0,58.664466857910156
2013-02-28,69.19000244140625,67.86000061035156,67.91000366210938,68.5,8705100.0,59.043724060058594
2013-03-01,69.11000061035156,68.08999633789062,68.37999725341797,69.02999877929688,6241800.0,59.50056076049805
2013-03-04,70.30000305175781,68.93000030517578,68.94999694824219,70.29000091552734,8375900.0,60.586612701416016
2013-03-05,70.95999908447266,70.12000274658203,70.58000183105469,70.47000122070312,8323800.0,60.74177169799805
2013-03-06,70.95999908447266,70.27999877929688,70.47000122070312,70.4800033569336,5276600.0,60.750396728515625
2013-03-07,70.5,69.94000244140625,70.4000015258789,70.25,4998300.0,60.55214309692383
2013-03-08,71.44999694824219,70.38999938964844,70.58999633789062,71.37000274658203,6470300.0,61.517539978027344
2013-03-11,71.37999725341797,71.0,71.31999969482422,71.31999969482422,4902500.0,61.47443389892578
2013-03-12,71.13999938964844,70.45999908447266,70.9000015258789,70.75,4450400.0,61.31843185424805
2013-03-13,70.94000244140625,70.3499984741211,70.79000091552734,70.76000213623047,5826700.0,61.32710266113281
2013-03-14,70.95999908447266,70.18000030517578,70.87000274658203,70.23999786376953,6308900.0,60.876407623291016
2013-03-15,70.19000244140625,69.05000305175781,70.02999877929688,69.05000305175781,11275100.0,59.845062255859375
2013-03-18,69.91000366210938,68.44999694824219,68.44999694824219,69.3499984741211,6011200.0,60.10505676269531
2013-03-19,69.73999786376953,68.55999755859375,69.55000305175781,68.79000091552734,7657600.0,59.61972427368164
2013-03-20,69.55000305175781,68.83999633789062,69.38999938964844,68.87999725341797,6112000.0,59.697715759277344
2013-03-21,69.30999755859375,68.41999816894531,68.6500015258789,68.94999694824219,8045600.0,59.758365631103516
2013-03-22,69.56999969482422,68.80000305175781,69.2300033569336,69.55999755859375,5291800.0,60.28704833984375
2013-03-25,70.36000061035156,69.2699966430664,69.80000305175781,69.47000122070312,7027100.0,60.20904541015625
2013-03-26,70.4000015258789,69.55000305175781,69.66000366210938,70.05000305175781,4661200.0,60.71173858642578
2013-03-27,69.69999694824219,69.0,69.20999908447266,69.6500015258789,4156300.0,60.365074157714844
2013-03-28,69.95999908447266,69.33000183105469,69.44000244140625,69.77999877929688,6752100.0,60.47774124145508
2013-04-01,70.7699966430664,69.51000213623047,69.51000213623047,69.66999816894531,5357700.0,60.38239669799805
2013-04-02,71.05000305175781,69.83000183105469,69.9000015258789,71.0199966430664,7291600.0,61.55241012573242
2013-04-03,70.94000244140625,70.0199966430664,70.8499984741211,70.36000061035156,7796000.0,60.980430603027344
2013-04-04,70.80000305175781,70.08000183105469,70.36000061035156,70.69000244140625,6613700.0,61.266422271728516
2013-04-05,70.25,69.61000061035156,70.0,70.05999755859375,6986100.0,60.72041320800781
2013-04-08,71.25,69.77999877929688,69.77999877929688,71.22000122070312,6097200.0,61.72578430175781
2013-04-09,71.56999969482422,70.94999694824219,71.2300033569336,71.19999694824219,5994800.0,61.708431243896484
2013-04-10,71.79000091552734,70.97000122070312,71.4000015258789,71.69000244140625,5423200.0,62.133121490478516
2013-04-11,72.5999984741211,71.7300033569336,71.83000183105469,71.9000015258789,7627800.0,62.31511688232422
2013-04-12,73.66000366210938,72.1500015258789,72.41000366210938,73.62000274658203,10493000.0,63.80586242675781
2013-04-15,74.19000244140625,72.20999908447266,73.3499984741211,72.2300033569336,8360600.0,62.60115051269531
2013-04-16,72.80000305175781,72.02999877929688,72.55000305175781,72.45999908447266,8119700.0,62.800453186035156
2013-04-17,72.97000122070312,71.94000244140625,72.22000122070312,72.80000305175781,8838600.0,63.09516143798828
2013-04-18,72.9000015258789,72.29000091552734,72.66999816894531,72.4800033569336,7549200.0,62.81780242919922
2013-04-19,74.27999877929688,72.72000122070312,72.91999816894531,74.0,9579900.0,64.13517761230469
2013-04-22,74.22000122070312,73.23999786376953,73.91999816894531,73.86000061035156,7223500.0,64.01385498046875
2013-04-23,74.58999633789062,72.62999725341797,74.13999938964844,73.37999725341797,7898800.0,63.597835540771484
2013-04-24,73.8499984741211,73.26000213623047,73.55000305175781,73.27999877929688,6248300.0,63.51115417480469
2013-04-25,73.79000091552734,73.19999694824219,73.30999755859375,73.37000274658203,5645200.0,63.589149475097656
2013-04-26,73.69000244140625,73.12999725341797,73.23999786376953,73.3499984741211,4983000.0,63.57183074951172
2013-04-29,74.0199966430664,73.38999938964844,73.44000244140625,73.66999816894531,4518700.0,63.84917449951172
2013-04-30,74.01000213623047,73.22000122070312,73.5,73.3499984741211,6601900.0,63.57183074951172
2013-05-01,73.58999633789062,72.63999938964844,73.18000030517578,72.76000213623047,5554700.0,63.06047821044922
2013-05-02,73.4800033569336,72.52999877929688,72.7699966430664,73.33000183105469,3722900.0,63.55447769165039
2013-05-03,74.41000366210938,73.72000122070312,73.72000122070312,73.95999908447266,4953100.0,64.10049438476562
2013-05-06,75.37000274658203,73.87999725341797,73.87999725341797,75.26000213623047,5731200.0,65.22721099853516
2013-05-07,75.27999877929688,74.5999984741211,75.23999786376953,75.06999969482422,5582300.0,65.06251525878906
2013-05-08,75.5,74.91999816894531,75.19000244140625,75.41999816894531,6536600.0,65.36588287353516
2013-05-09,76.18000030517578,75.36000061035156,75.36000061035156,75.87000274658203,6338300.0,65.75588989257812
2013-05-10,76.19999694824219,75.41000366210938,76.13999938964844,76.01000213623047,5169700.0,65.87720489501953
2013-05-13,76.8499984741211,75.94999694824219,76.01000213623047,76.66999816894531,4466100.0,66.4492416381836
2013-05-14,77.41999816894531,76.75,76.77999877929688,77.31999969482422,6071700.0,67.01258087158203
2013-05-15,78.25,77.44000244140625,77.5999984741211,77.87999725341797,6706200.0,67.49791717529297
2013-05-16,78.54000091552734,76.69000244140625,77.5,76.75,8299200.0,66.51859283447266
2013-05-17,77.1500015258789,76.19999694824219,76.33999633789062,76.86000061035156,8735000.0,66.61390686035156
2013-05-20,77.0,76.5,76.7699966430664,76.76000213623047,8867700.0,66.52725219726562
2013-05-21,79.47000122070312,78.05999755859375,79.33000183105469,78.70999908447266,14108500.0,68.21730041503906
2013-05-22,81.55999755859375,79.18000030517578,79.26000213623047,79.69000244140625,14832400.0,69.066650390625
2013-05-23,79.25,77.79000091552734,78.88999938964844,78.91000366210938,9634900.0,68.39061737060547
2013-05-24,79.38999938964844,78.30999755859375,78.5,78.98999786376953,6188200.0,68.45996856689453
2013-05-28,80.62999725341797,79.48999786376953,79.94000244140625,79.81999969482422,7715800.0,69.1793212890625
2013-05-29,79.87000274658203,79.08999633789062,79.37999725341797,79.48999786376953,7127000.0,68.89330291748047
2013-05-30,80.0999984741211,79.12999725341797,79.55000305175781,79.44000244140625,5449100.0,68.8499984741211
2013-05-31,80.37999725341797,78.66000366210938,79.54000091552734,78.66000366210938,6905600.0,68.17395782470703
2013-06-03,79.08000183105469,78.05000305175781,78.6500015258789,79.08000183105469,6191400.0,68.53797149658203
2013-06-04,78.81999969482422,76.08000183105469,78.5,76.62999725341797,8791700.0,66.74374389648438
2013-06-05,76.8499984741211,74.9000015258789,76.11000061035156,75.0999984741211,8761500.0,65.41111755371094
2013-06-06,77.37000274658203,75.01000213623047,75.0199966430664,77.26000213623047,11515700.0,67.2924575805664
2013-06-07,78.97000122070312,77.58999633789062,77.7300033569336,78.73999786376953,6555900.0,68.5815200805664
2013-06-10,79.68000030517578,77.52999877929688,78.94000244140625,77.7300033569336,7627800.0,67.70182800292969
2013-06-11,78.52999877929688,76.95999908447266,77.2300033569336,77.61000061035156,5979700.0,67.59730529785156
2013-06-12,78.30000305175781,76.36000061035156,78.04000091552734,76.4000015258789,7360200.0,66.54341888427734
2013-06-13,76.83000183105469,76.08000183105469,76.3499984741211,76.52999877929688,9194600.0,66.6566162109375
2013-06-14,76.94999694824219,76.06999969482422,76.22000122070312,76.58999633789062,8613100.0,66.70890045166016
2013-06-17,77.4800033569336,75.69000244140625,77.08000183105469,76.13999938964844,9315500.0,66.31694030761719
2013-06-18,77.37000274658203,76.12000274658203,76.12000274658203,77.19000244140625,6421500.0,67.23149108886719
2013-06-19,77.2699966430664,75.91999816894531,77.06999969482422,75.93000030517578,8027600.0,66.13404846191406
2013-06-20,75.43000030517578,73.80000305175781,75.43000030517578,73.87000274658203,12373500.0,64.3398208618164
2013-06-21,74.69000244140625,73.0199966430664,74.48999786376953,73.81999969482422,15552500.0,64.2962417602539
2013-06-24,74.0199966430664,72.41000366210938,72.9000015258789,73.51000213623047,10214400.0,64.02625274658203
2013-06-25,74.72000122070312,73.80000305175781,74.06999969482422,74.13999938964844,8520800.0,64.57498168945312
2013-06-26,75.87000274658203,74.58000183105469,74.79000091552734,75.66999816894531,7390100.0,65.9075698852539
2013-06-27,76.81999969482422,75.80000305175781,75.98999786376953,76.2699966430664,6674500.0,66.43016815185547
2013-06-28,77.79000091552734,75.91999816894531,76.16000366210938,77.47000122070312,12475000.0,67.4753646850586
2013-07-01,77.80999755859375,76.62999725341797,77.62999725341797,76.87000274658203,7471000.0,66.9527587890625
2013-07-02,78.12000274658203,76.95999908447266,77.29000091552734,77.30999755859375,6886300.0,67.33599090576172
2013-07-03,77.98999786376953,76.91999816894531,76.98999786376953,77.7300033569336,3025600.0,67.70182800292969
2013-07-05,78.55999755859375,77.4000015258789,77.91000366210938,78.29000091552734,4991500.0,68.1895751953125
2013-07-08,79.54000091552734,78.54000091552734,78.55999755859375,79.22000122070312,6051200.0,68.99960327148438
2013-07-09,80.1500015258789,79.33000183105469,79.54000091552734,79.69999694824219,4986400.0,69.41766357421875
2013-07-10,79.69999694824219,78.61000061035156,79.66999816894531,79.4000015258789,5459400.0,69.1563491821289
2013-07-11,80.68000030517578,79.58000183105469,80.2699966430664,79.86000061035156,6845700.0,69.55701446533203
2013-07-12,80.75,79.91999816894531,79.91999816894531,80.54000091552734,5178300.0,70.14928436279297
2013-07-15,81.1500015258789,80.16999816894531,80.62999725341797,80.4000015258789,5041400.0,70.02735900878906
2013-07-16,80.69000244140625,79.83999633789062,80.41000366210938,80.22000122070312,5031500.0,69.87059020996094
2013-07-17,81.2300033569336,80.38999938964844,80.76000213623047,80.44000244140625,5700200.0,70.06220245361328
2013-07-18,80.44999694824219,79.95999908447266,80.33000183105469,80.0199966430664,5297800.0,69.69639587402344
2013-07-19,80.12000274658203,79.41999816894531,79.94999694824219,79.88999938964844,5886200.0,69.58314514160156
2013-07-22,80.05999755859375,79.25,79.9800033569336,80.0,5957900.0,69.67894744873047
2013-07-23,80.47000122070312,79.86000061035156,80.13999938964844,80.19000244140625,4985800.0,69.84446716308594
2013-07-24,80.47000122070312,79.58000183105469,80.44999694824219,80.2699966430664,4813300.0,69.91413879394531
2013-07-25,80.0999984741211,77.88999938964844,80.08999633789062,78.98999786376953,9967600.0,68.79925537109375
2013-07-26,79.37000274658203,78.25,78.41999816894531,78.73999786376953,5577600.0,68.5815200805664
2013-07-29,78.9800033569336,78.37000274658203,78.63999938964844,78.66999816894531,5179000.0,68.52055358886719
2013-07-30,79.2699966430664,78.5199966430664,79.16999816894531,78.5999984741211,4813400.0,68.4595947265625
2013-07-31,79.7300033569336,78.69000244140625,78.69000244140625,79.02999877929688,5915000.0,68.83409118652344
2013-08-01,79.97000122070312,78.61000061035156,79.5199966430664,78.63999938964844,6727400.0,68.49442291259766
2013-08-02,80.5,78.5,78.63999938964844,80.2300033569336,5964400.0,69.87928771972656
2013-08-05,79.94999694824219,79.37000274658203,79.94999694824219,79.66000366210938,3578500.0,69.38284301757812
2013-08-06,80.33000183105469,78.73999786376953,79.62000274658203,80.05000305175781,6311100.0,69.72252655029297
2013-08-07,79.56999969482422,78.5999984741211,79.55999755859375,78.83000183105469,5322200.0,68.65990447998047
2013-08-08,80.22000122070312,79.08999633789062,79.43000030517578,80.04000091552734,4467900.0,69.71379089355469
2013-08-09,79.7300033569336,78.52999877929688,79.68000030517578,78.97000122070312,5299300.0,68.7818603515625
2013-08-12,79.54000091552734,78.58000183105469,78.62000274658203,79.19999694824219,3844400.0,68.982177734375
2013-08-13,79.63999938964844,78.08000183105469,79.13999938964844,79.44000244140625,6956400.0,69.19121551513672
2013-08-14,79.2300033569336,77.18000030517578,79.1500015258789,77.44000244140625,8648100.0,67.44923400878906
2013-08-15,76.5999984741211,74.86000061035156,76.4800033569336,75.13999938964844,13702000.0,65.44596862792969
2013-08-16,76.3499984741211,74.93000030517578,75.19000244140625,75.37999725341797,9138200.0,65.65499877929688
2013-08-19,76.44000244140625,75.18000030517578,75.48999786376953,75.20999908447266,9184100.0,65.50692749023438
2013-08-20,77.5,73.6500015258789,77.04000091552734,74.29000091552734,17038100.0,64.70562744140625
2013-08-21,75.33000183105469,73.43000030517578,74.5999984741211,73.7300033569336,10788400.0,64.21788024902344
2013-08-22,74.19999694824219,73.3499984741211,73.91000366210938,74.0,6668700.0,64.45301818847656
2013-08-23,74.19999694824219,73.11000061035156,74.1500015258789,73.88999938964844,7730800.0,64.35722351074219
2013-08-26,76.1500015258789,73.81999969482422,73.83000183105469,75.43000030517578,10362900.0,65.69853973388672
2013-08-27,75.2300033569336,73.94999694824219,74.8499984741211,74.12000274658203,8264200.0,64.55755615234375
2013-08-28,75.31999969482422,74.01000213623047,74.11000061035156,75.02999877929688,7076000.0,65.35013580322266
2013-08-29,75.66000366210938,74.80000305175781,74.97000122070312,75.05000305175781,5704200.0,65.3675537109375
2013-08-30,75.12999725341797,74.18000030517578,75.12000274658203,74.48999786376953,6331300.0,64.87982177734375
2013-09-03,75.25,73.68000030517578,74.83000183105469,73.9000015258789,7802800.0,64.7047119140625
2013-09-04,74.51000213623047,73.73999786376953,73.9800033569336,74.13999938964844,8271600.0,64.91484832763672
2013-09-05,74.20999908447266,72.83999633789062,74.06999969482422,72.98999786376953,11039000.0,63.907936096191406
2013-09-06,73.55999755859375,72.20999908447266,73.55000305175781,72.69999694824219,9968400.0,63.654022216796875
2013-09-09,73.79000091552734,72.9000015258789,72.9800033569336,73.58000183105469,5781800.0,64.42452239990234
2013-09-10,74.6500015258789,73.73999786376953,73.95999908447266,74.5999984741211,6438700.0,65.31761932373047
2013-09-11,75.11000061035156,74.16000366210938,74.66000366210938,75.04000091552734,6441500.0,65.70287322998047
2013-09-12,75.73999786376953,74.97000122070312,75.18000030517578,75.4000015258789,6872200.0,66.01805877685547
2013-09-13,75.41000366210938,74.83999633789062,75.33000183105469,75.11000061035156,4888400.0,65.76414489746094
2013-09-16,76.29000091552734,75.19999694824219,76.05000305175781,75.54000091552734,8054400.0,66.140625
2013-09-17,76.1500015258789,75.56999969482422,75.63999938964844,75.80000305175781,6825600.0,66.36831665039062
2013-09-18,77.9800033569336,75.3499984741211,75.7699966430664,77.37000274658203,10594300.0,67.74295806884766
2013-09-19,78.72000122070312,77.63999938964844,77.83999633789062,78.51000213623047,7693700.0,68.74108123779297
2013-09-20,78.80999755859375,77.0,78.80999755859375,77.0,14158300.0,67.41897583007812
2013-09-23,76.76000213623047,75.7699966430664,76.45999908447266,75.91000366210938,6248800.0,66.46461486816406
2013-09-24,76.79000091552734,75.58000183105469,75.80000305175781,76.04000091552734,5412700.0,66.57842254638672
2013-09-25,76.30999755859375,75.26000213623047,75.87999725341797,75.5199966430664,6785600.0,66.12310791015625
2013-09-26,76.41999816894531,75.62000274658203,75.62000274658203,76.06999969482422,3798200.0,66.60469818115234
2013-09-27,76.08999633789062,75.37999725341797,75.6500015258789,75.95999908447266,4058700.0,66.5083999633789
2013-09-30,76.08000183105469,74.95999908447266,75.18000030517578,75.8499984741211,6276200.0,66.41206359863281
2013-10-01,76.41999816894531,75.63999938964844,75.87999725341797,76.26000213623047,4411700.0,66.77105712890625
2013-10-02,76.37999725341797,75.44000244140625,75.86000061035156,76.31999969482422,5118400.0,66.82360076904297
2013-10-03,76.83000183105469,75.51000213623047,76.4000015258789,75.87999725341797,6979700.0,66.43833923339844
2013-10-04,76.25,75.4800033569336,75.80000305175781,75.77999877929688,4855800.0,66.35078430175781
2013-10-07,75.8499984741211,75.08999633789062,75.4000015258789,75.12999725341797,5087000.0,65.78164672851562
2013-10-08,75.2699966430664,74.16999816894531,75.0199966430664,74.2699966430664,8997900.0,65.0286636352539
2013-10-09,74.63999938964844,73.9000015258789,74.3499984741211,74.13999938964844,6817600.0,64.91484832763672
2013-10-10,75.51000213623047,74.73999786376953,75.04000091552734,75.51000213623047,6092800.0,66.1143569946289
2013-10-11,76.62999725341797,75.41999816894531,75.44999694824219,76.31999969482422,6936700.0,66.82360076904297
2013-10-14,76.5199966430664,75.58999633789062,75.73999786376953,76.3499984741211,4119000.0,66.849853515625
2013-10-15,76.23999786376953,75.08999633789062,76.13999938964844,75.18000030517578,6645400.0,65.82542419433594
2013-10-16,75.58999633789062,74.56999969482422,75.44000244140625,74.94000244140625,12877900.0,65.61532592773438
2013-10-17,75.80999755859375,74.51000213623047,74.51000213623047,75.73999786376953,7176400.0,66.31575775146484
2013-10-18,75.5,73.73999786376953,75.26000213623047,74.69000244140625,14334800.0,65.39642333984375
2013-10-21,74.80000305175781,74.1500015258789,74.5999984741211,74.62000274658203,7578700.0,65.33513641357422
2013-10-22,75.12999725341797,74.58999633789062,75.04000091552734,74.86000061035156,6867000.0,65.54527282714844
2013-10-23,75.41000366210938,74.51000213623047,74.54000091552734,75.08000183105469,5526100.0,65.73787689208984
2013-10-24,76.83999633789062,75.41000366210938,75.41999816894531,76.77999877929688,7927400.0,67.22633361816406
2013-10-25,76.61000061035156,76.01000213623047,76.55000305175781,76.25,5944200.0,66.76229095458984
2013-10-28,76.4000015258789,75.80000305175781,76.1500015258789,76.05999755859375,7728100.0,66.59593200683594
2013-10-29,77.55000305175781,76.38999938964844,76.44999694824219,77.5,7248000.0,67.85676574707031
2013-10-30,78.5999984741211,77.5199966430664,77.68000030517578,77.87999725341797,7251900.0,68.18946075439453
2013-10-31,78.44999694824219,77.5199966430664,77.98999786376953,77.88999938964844,7577600.0,68.19822692871094
2013-11-01,78.02999877929688,76.83999633789062,77.9800033569336,76.98999786376953,7178300.0,67.41021728515625
2013-11-04,77.41999816894531,76.61000061035156,77.18000030517578,77.0,3906500.0,67.41897583007812
2013-11-05,76.80000305175781,76.06999969482422,76.77999877929688,76.6500015258789,6035300.0,67.112548828125
2013-11-06,76.79000091552734,75.91000366210938,76.72000122070312,76.41999816894531,5059600.0,66.91117095947266
2013-11-07,77.19000244140625,75.66999816894531,76.81999969482422,75.69000244140625,5424600.0,66.27198028564453
2013-11-08,75.70999908447266,74.77999877929688,75.27999877929688,75.4800033569336,9229700.0,66.0881118774414
2013-11-11,75.66999816894531,74.93000030517578,75.2699966430664,75.37000274658203,5774000.0,65.9917984008789
2013-11-12,76.58999633789062,75.72000122070312,75.83999633789062,76.18000030517578,6629200.0,66.70099639892578
2013-11-13,77.69000244140625,75.69000244140625,75.69000244140625,77.5999984741211,7064700.0,67.9443130493164
2013-11-14,79.33999633789062,78.05999755859375,78.13999938964844,78.94000244140625,6843800.0,69.11759185791016
2013-11-15,80.08999633789062,78.55999755859375,78.83999633789062,80.02999877929688,10414800.0,70.07197570800781
2013-11-18,80.47000122070312,79.19000244140625,80.0,79.66999816894531,8613000.0,69.75672912597656
2013-11-19,82.2699966430664,80.26000213623047,82.22000122070312,80.37999725341797,12236700.0,70.37840270996094
2013-11-20,80.7300033569336,79.37999725341797,80.7300033569336,79.75,7236900.0,69.82679748535156
2013-11-21,80.05999755859375,79.36000061035156,80.05999755859375,79.83000183105469,5618600.0,69.89684295654297
2013-11-22,79.81999969482422,78.77999877929688,79.5999984741211,79.18000030517578,7786200.0,69.32772064208984
2013-11-25,80.04000091552734,79.30000305175781,79.30000305175781,79.75,5496100.0,69.82679748535156
2013-11-26,80.9000015258789,80.08999633789062,80.20999908447266,80.3499984741211,9360700.0,70.35215759277344
2013-11-27,80.75,80.12000274658203,80.33999633789062,80.66000366210938,5450000.0,70.62358856201172
2013-11-29,81.38999938964844,80.62999725341797,80.87999725341797,80.66999816894531,3372600.0,70.63230895996094
2013-12-02,80.75,79.5199966430664,80.44999694824219,79.7699966430664,5915600.0,69.84429931640625
2013-12-03,79.4800033569336,78.30999755859375,78.95999908447266,78.70999908447266,7276900.0,69.25480651855469
2013-12-04,78.75,77.69999694824219,78.1500015258789,78.4000015258789,7148800.0,68.9820327758789
2013-12-05,79.54000091552734,78.2699966430664,78.31999969482422,78.54000091552734,6264900.0,69.10521697998047
2013-12-06,80.05000305175781,78.80999755859375,79.08000183105469,79.83999633789062,5094600.0,70.24905395507812
2013-12-09,80.5999984741211,79.52999877929688,79.91000366210938,79.5999984741211,5799800.0,70.03787994384766
2013-12-10,79.93000030517578,78.4000015258789,79.31999969482422,78.61000061035156,7448400.0,69.16680145263672
2013-12-11,79.80999755859375,78.37999725341797,78.37999725341797,79.0,7834500.0,69.50994873046875
2013-12-12,79.19999694824219,78.27999877929688,78.98999786376953,78.52999877929688,8535200.0,69.09644317626953
2013-12-13,79.56999969482422,78.5199966430664,79.08999633789062,79.01000213623047,6027100.0,69.51876068115234
2013-12-16,79.76000213623047,78.93000030517578,79.20999908447266,79.0999984741211,7099700.0,69.59793090820312
2013-12-17,79.37000274658203,78.61000061035156,79.30999755859375,78.62000274658203,6226000.0,69.17561340332031
2013-12-18,80.05999755859375,78.30999755859375,78.80000305175781,80.05000305175781,8170300.0,70.43384552001953
2013-12-19,80.47000122070312,79.63999938964844,80.08000183105469,79.94999694824219,6620800.0,70.34583282470703
2013-12-20,80.83000183105469,80.04000091552734,80.18000030517578,80.04000091552734,11232900.0,70.4250259399414
2013-12-23,80.91999816894531,80.04000091552734,80.06999969482422,80.55999755859375,3941300.0,70.88257598876953
2013-12-24,80.95999908447266,80.55999755859375,80.55999755859375,80.63999938964844,1819800.0,70.95296478271484
2013-12-26,81.73999786376953,80.80999755859375,80.83999633789062,81.55000305175781,3848800.0,71.75363159179688
2013-12-27,82.23999786376953,81.22000122070312,81.6500015258789,81.63999938964844,3961900.0,71.83281707763672
2013-12-30,81.9800033569336,81.45999908447266,81.66999816894531,81.94000244140625,3526400.0,72.0967788696289
2013-12-31,82.47000122070312,81.72000122070312,81.98999786376953,82.33999633789062,4493600.0,72.44873809814453
2014-01-02,82.56999969482422,81.80000305175781,82.11000061035156,82.0199966430664,4253400.0,72.16717529296875
2014-01-03,82.4800033569336,81.83000183105469,81.91000366210938,81.88999938964844,3897900.0,72.05278015136719
2014-01-06,81.9800033569336,81.0999984741211,81.6500015258789,81.0999984741211,11188800.0,71.35769653320312
2014-01-07,81.91999816894531,81.08000183105469,81.30999755859375,81.5,4630900.0,71.70964050292969
2014-01-08,81.94000244140625,81.02999877929688,81.54000091552734,81.93000030517578,4662300.0,72.08798217773438
2014-01-09,81.94000244140625,80.97000122070312,81.9000015258789,81.56999969482422,4966000.0,71.77123260498047
2014-01-10,82.04000091552734,81.41999816894531,81.72000122070312,82.01000213623047,4981000.0,72.15837860107422
2014-01-13,82.12999725341797,80.95999908447266,81.61000061035156,80.97000122070312,6952400.0,71.2433090209961
2014-01-14,81.48999786376953,80.61000061035156,81.27999877929688,81.01000213623047,5217300.0,71.27850341796875
2014-01-15,81.43000030517578,80.73999786376953,80.8499984741211,81.06999969482422,5196800.0,71.33128356933594
2014-01-16,81.37999725341797,80.77999877929688,80.9000015258789,81.26000213623047,4871200.0,71.49848175048828
2014-01-17,81.3499984741211,80.6500015258789,81.31999969482422,81.0,6178000.0,71.26971435546875
2014-01-21,81.5,79.80999755859375,81.30000305175781,80.45999908447266,6932800.0,70.7945556640625
2014-01-22,80.80999755859375,79.91999816894531,80.66000366210938,80.19999694824219,5821600.0,70.56581115722656
2014-01-23,80.30000305175781,79.19000244140625,79.62000274658203,80.23999786376953,6387000.0,70.60098266601562
2014-01-24,80.0,79.16000366210938,79.61000061035156,79.16000366210938,7118300.0,69.65074157714844
2014-01-27,79.16999816894531,78.5199966430664,78.86000061035156,78.94000244140625,6591200.0,69.45716857910156
2014-01-28,78.93000030517578,77.81999969482422,78.41999816894531,78.54000091552734,10586500.0,69.10521697998047
2014-01-29,78.75,76.62999725341797,78.27999877929688,76.68000030517578,9195300.0,67.46866607666016
2014-01-30,77.76000213623047,76.6500015258789,77.2300033569336,76.93000030517578,6820900.0,67.68862915039062
2014-01-31,77.47000122070312,75.8499984741211,76.19999694824219,76.8499984741211,10592200.0,67.61821746826172
2014-02-03,76.7300033569336,74.93000030517578,76.63999938964844,75.08999633789062,9527000.0,66.06964111328125
2014-02-04,75.8499984741211,74.16999816894531,75.51000213623047,74.97000122070312,9573400.0,65.96407318115234
2014-02-05,75.55000305175781,73.95999908447266,74.7300033569336,75.26000213623047,10080300.0,66.2192153930664
2014-02-06,76.19999694824219,75.16999816894531,75.19000244140625,76.16000366210938,6107100.0,67.01112365722656
2014-02-07,76.5999984741211,75.8499984741211,76.16999816894531,76.44999694824219,6194200.0,67.26628875732422
2014-02-10,76.58999633789062,75.87999725341797,76.55999755859375,76.41000366210938,6343600.0,67.23108673095703
2014-02-11,76.98999786376953,76.16999816894531,76.44000244140625,76.69999694824219,6292900.0,67.48625946044922
2014-02-12,77.33000183105469,76.66999816894531,76.91000366210938,77.27999877929688,7345900.0,67.99657440185547
2014-02-13,77.87000274658203,76.94000244140625,77.33999633789062,77.58999633789062,6586900.0,68.26933288574219
2014-02-14,78.12999725341797,77.31999969482422,77.75,77.93000030517578,4752300.0,68.5685043334961
2014-02-18,78.08000183105469,77.06999969482422,77.91999816894531,77.56999969482422,4954700.0,68.2517318725586
2014-02-19,77.5199966430664,76.4000015258789,77.25,76.44999694824219,7767800.0,67.26628875732422
2014-02-20,77.55999755859375,76.54000091552734,76.58999633789062,77.4800033569336,5852200.0,68.17256164550781
2014-02-21,78.04000091552734,77.36000061035156,77.36000061035156,77.73999786376953,7764500.0,68.40133666992188
2014-02-24,78.25,77.45999908447266,77.83999633789062,77.87000274658203,11739500.0,68.51568603515625
2014-02-25,81.0,79.33000183105469,79.68000030517578,80.9800033569336,13421700.0,71.25212860107422
2014-02-26,82.70999908447266,80.79000091552734,80.98999786376953,81.69999694824219,9737800.0,71.88560485839844
2014-02-27,82.19999694824219,80.61000061035156,81.66000366210938,81.97000122070312,6040900.0,72.1231918334961
2014-02-28,83.0999984741211,81.38999938964844,81.88999938964844,82.02999877929688,7239600.0,72.17597961425781
2014-03-03,82.02999877929688,80.62000274658203,80.7300033569336,82.0,8359500.0,72.14959716796875
2014-03-04,83.19999694824219,82.70999908447266,82.88999938964844,82.87000274658203,6367600.0,72.9150619506836
2014-03-05,83.19999694824219,82.58000183105469,82.91000366210938,82.91000366210938,5069900.0,72.95026397705078
2014-03-06,82.88999938964844,82.2300033569336,82.77999877929688,82.41000366210938,6168400.0,72.51032257080078
2014-03-07,82.66999816894531,82.04000091552734,82.61000061035156,82.55000305175781,5287700.0,72.63351440429688
2014-03-10,82.54000091552734,81.7300033569336,82.44000244140625,82.18000030517578,4139000.0,72.30793762207031
2014-03-11,81.8499984741211,81.05000305175781,81.69000244140625,81.29000091552734,4667900.0,71.93627166748047
2014-03-12,80.8499984741211,80.23999786376953,80.7300033569336,80.55999755859375,7048700.0,71.290283203125
2014-03-13,81.05999755859375,78.72000122070312,81.05999755859375,78.80000305175781,7665800.0,69.73279571533203
2014-03-14,79.87999725341797,78.79000091552734,78.81999969482422,79.37999725341797,6739000.0,70.24604034423828
2014-03-17,80.19000244140625,79.25,79.56999969482422,79.58000183105469,5547600.0,70.42303466796875
2014-03-18,80.55999755859375,79.62000274658203,79.6500015258789,79.81999969482422,5032600.0,70.63543701171875
2014-03-19,80.48999786376953,79.4000015258789,79.97000122070312,79.75,6568400.0,70.57347869873047
2014-03-20,80.23999786376953,79.47000122070312,79.70999908447266,80.08999633789062,5097800.0,70.8743667602539
2014-03-21,81.9000015258789,80.25,80.77999877929688,80.41999816894531,10086100.0,71.1663818359375
2014-03-24,80.45999908447266,79.19999694824219,80.41000366210938,79.66000366210938,7574200.0,70.49384307861328
2014-03-25,80.08999633789062,79.16000366210938,80.05000305175781,79.47000122070312,5375500.0,70.3257064819336
2014-03-26,79.77999877929688,78.69999694824219,79.48999786376953,78.87000274658203,6364600.0,69.79475402832031
2014-03-27,79.0199966430664,78.37000274658203,78.62999725341797,78.68000030517578,5803300.0,69.62659454345703
2014-03-28,79.5,78.48999786376953,78.91999816894531,78.72000122070312,5132700.0,69.66199493408203
2014-03-31,79.33000183105469,78.83999633789062,79.20999908447266,79.12999725341797,5736200.0,70.02482604980469
2014-04-01,80.29000091552734,79.23999786376953,79.23999786376953,79.37999725341797,6697600.0,70.24604034423828
2014-04-02,80.76000213623047,79.48999786376953,79.54000091552734,79.94999694824219,6611700.0,70.7504653930664
2014-04-03,80.0199966430664,78.9800033569336,79.94999694824219,79.4000015258789,5505400.0,70.26373291015625
2014-04-04,79.69999694824219,78.48999786376953,79.63999938964844,78.72000122070312,6422000.0,69.66199493408203
2014-04-07,78.69000244140625,77.02999877929688,78.69000244140625,77.12999725341797,11121300.0,68.25494384765625
2014-04-08,77.44000244140625,76.41999816894531,76.91000366210938,77.11000061035156,7371000.0,68.23722839355469
2014-04-09,77.93000030517578,77.13999938964844,77.23999786376953,77.76000213623047,8027600.0,68.81246948242188
2014-04-10,78.22000122070312,76.69999694824219,77.62000274658203,76.77999877929688,6201500.0,67.94522094726562
2014-04-11,77.05999755859375,75.6500015258789,76.62000274658203,75.69999694824219,8399100.0,66.989501953125
2014-04-14,76.86000061035156,75.51000213623047,76.30000305175781,75.97000122070312,8677200.0,67.22843170166016
2014-04-15,76.4000015258789,74.61000061035156,76.29000091552734,75.88999938964844,7022900.0,67.15766143798828
2014-04-16,76.58000183105469,75.80000305175781,76.41999816894531,76.58000183105469,6104700.0,67.76824951171875
2014-04-17,77.68000030517578,75.91000366210938,76.26000213623047,77.08999633789062,6875000.0,68.21955871582031
2014-04-21,78.3499984741211,77.66999816894531,78.3499984741211,77.95999908447266,6253300.0,68.98944091796875
2014-04-22,80.2300033569336,78.62999725341797,78.73999786376953,79.66999816894531,11188400.0,70.50269317626953
2014-04-23,80.05000305175781,78.44000244140625,79.87000274658203,78.5199966430664,7497000.0,69.48501586914062
2014-04-24,79.80999755859375,78.72000122070312,78.97000122070312,79.7699966430664,7271600.0,70.5911865234375
2014-04-25,79.69999694824219,79.02999877929688,79.41000366210938,79.37999725341797,6381400.0,70.24604034423828
2014-04-28,81.1500015258789,79.33000183105469,79.52999877929688,80.16999816894531,14562400.0,70.94513702392578
2014-04-29,80.31999969482422,79.5199966430664,80.31999969482422,79.5199966430664,5146500.0,70.36995697021484
2014-04-30,79.73999786376953,78.7300033569336,79.73999786376953,79.51000213623047,8524700.0,70.36109161376953
2014-05-01,79.6500015258789,78.94999694824219,79.51000213623047,79.33000183105469,3936700.0,70.2018051147461
2014-05-02,80.16000366210938,79.16000366210938,79.31999969482422,79.4000015258789,3738400.0,70.26373291015625
2014-05-05,79.18000030517578,78.55999755859375,79.04000091552734,78.69000244140625,3521000.0,69.63545989990234
2014-05-06,78.76000213623047,77.3499984741211,78.63999938964844,77.41999816894531,6475800.0,68.5115966796875
2014-05-07,77.95999908447266,76.5199966430664,77.8499984741211,77.08000183105469,5378600.0,68.210693359375
2014-05-08,77.7300033569336,76.66000366210938,76.94000244140625,77.05000305175781,5485100.0,68.1841812133789
2014-05-09,77.75,76.80999755859375,77.05999755859375,77.70999908447266,4345800.0,68.7682113647461
2014-05-12,78.44000244140625,77.75,77.81999969482422,78.2699966430664,4324200.0,69.26377868652344
2014-05-13,78.68000030517578,77.04000091552734,78.36000061035156,77.2699966430664,5455500.0,68.37884521484375
2014-05-14,77.37000274658203,76.16999816894531,77.33000183105469,76.30999755859375,6870000.0,67.52931213378906
2014-05-15,76.29000091552734,75.31999969482422,76.05000305175781,76.23999786376953,6304700.0,67.46735382080078
2014-05-16,77.37000274658203,76.66000366210938,76.79000091552734,77.36000061035156,7039400.0,68.45848846435547
2014-05-19,77.06999969482422,76.37000274658203,76.58000183105469,76.5,7733800.0,67.69744873046875
2014-05-20,78.81999969482422,77.4000015258789,77.91999816894531,77.95999908447266,15432200.0,68.98944091796875
2014-05-21,78.51000213623047,77.75,78.25,78.08000183105469,6693900.0,69.09563446044922
2014-05-22,79.05000305175781,77.76000213623047,77.76000213623047,78.77999877929688,5265900.0,69.71510314941406
2014-05-23,79.4000015258789,78.51000213623047,78.7699966430664,79.18000030517578,5003100.0,70.0690689086914
2014-05-27,80.0,79.30000305175781,79.37999725341797,79.69000244140625,4760600.0,70.5203857421875
2014-05-28,80.0,79.2699966430664,79.75,79.68000030517578,4002200.0,70.51155090332031
2014-05-29,79.98999786376953,79.44000244140625,79.87999725341797,79.9000015258789,4408900.0,70.70621490478516
2014-05-30,80.2699966430664,79.58000183105469,79.7699966430664,80.2300033569336,4528000.0,70.99826049804688
2014-06-02,81.05999755859375,80.16999816894531,80.25,80.83999633789062,6817700.0,71.53805541992188
2014-06-03,80.87999725341797,80.1500015258789,80.19000244140625,80.66999816894531,5477700.0,71.8050765991211
2014-06-04,80.88999938964844,80.05999755859375,80.31999969482422,80.54000091552734,4961600.0,71.68937683105469
2014-06-05,80.86000061035156,80.27999877929688,80.66999816894531,80.37999725341797,5666400.0,71.54695129394531
2014-06-06,81.2699966430664,80.51000213623047,80.58000183105469,80.63999938964844,4460300.0,71.77838897705078
2014-06-09,81.31999969482422,80.41999816894531,80.62999725341797,80.61000061035156,3718600.0,71.75169372558594
2014-06-10,80.8499984741211,80.22000122070312,80.26000213623047,80.73999786376953,4249500.0,71.8674087524414
2014-06-11,80.7300033569336,79.76000213623047,80.45999908447266,79.80999755859375,4918100.0,71.03958892822266
2014-06-12,79.77999877929688,78.19999694824219,79.7300033569336,78.43000030517578,7643300.0,69.8112564086914
2014-06-13,78.58999633789062,77.75,78.48999786376953,78.06999969482422,7971800.0,69.49081420898438
2014-06-16,79.08999633789062,77.95999908447266,77.95999908447266,78.9000015258789,7164400.0,70.22959899902344
2014-06-17,80.45999908447266,78.7300033569336,78.83999633789062,80.0199966430664,9587300.0,71.22652435302734
2014-06-18,80.76000213623047,79.79000091552734,80.02999877929688,80.70999908447266,8071500.0,71.84069061279297
2014-06-19,80.8499984741211,79.94999694824219,80.70999908447266,80.44000244140625,5095400.0,71.60039520263672
2014-06-20,80.80000305175781,79.86000061035156,80.69000244140625,80.16999816894531,13661000.0,71.36003112792969
2014-06-23,80.80000305175781,79.97000122070312,80.16000366210938,80.63999938964844,4920400.0,71.77838897705078
2014-06-24,80.83000183105469,79.83000183105469,80.37999725341797,80.43000030517578,5579300.0,71.59146881103516
2014-06-25,80.61000061035156,80.12000274658203,80.36000061035156,80.52999877929688,4486300.0,71.68047332763672
2014-06-26,80.97000122070312,80.12000274658203,80.44999694824219,80.75,5165200.0,71.87631225585938
2014-06-27,81.47000122070312,80.62999725341797,80.6500015258789,81.12999725341797,5011000.0,72.21453857421875
2014-06-30,81.2300033569336,80.4800033569336,81.0199966430664,80.95999908447266,5045300.0,72.06322479248047
2014-07-01,81.97000122070312,81.22000122070312,81.31999969482422,81.81999969482422,5234600.0,72.82870483398438
2014-07-02,82.18000030517578,81.62000274658203,81.83999633789062,81.9800033569336,4185700.0,72.97113800048828
2014-07-03,82.3499984741211,81.80000305175781,82.06999969482422,82.05000305175781,2764000.0,73.03343200683594
2014-07-07,82.08999633789062,81.13999938964844,81.7300033569336,81.41999816894531,6071000.0,72.4726791381836
2014-07-08,81.52999877929688,80.55000305175781,81.41999816894531,80.76000213623047,7322900.0,71.88520050048828
2014-07-09,81.2300033569336,80.18000030517578,81.11000061035156,80.7300033569336,6980600.0,71.85850524902344
2014-07-10,79.58000183105469,77.94999694824219,79.05000305175781,79.4000015258789,11530900.0,70.67463684082031
2014-07-11,79.9000015258789,79.20999908447266,79.58999633789062,79.61000061035156,4746400.0,70.86158752441406
2014-07-14,80.05999755859375,79.19000244140625,79.91999816894531,79.45999908447266,7657200.0,70.72806549072266
2014-07-15,80.05999755859375,79.41999816894531,79.5,79.86000061035156,6051900.0,71.0841064453125
2014-07-16,80.23999786376953,79.37999725341797,80.04000091552734,79.66000366210938,9033700.0,70.90608215332031
2014-07-17,79.87999725341797,79.2300033569336,79.44999694824219,79.55000305175781,7697300.0,70.80815887451172
2014-07-18,80.27999877929688,79.44999694824219,79.80000305175781,80.08000183105469,5323200.0,71.27993774414062
2014-07-21,80.02999877929688,79.52999877929688,80.01000213623047,79.70999908447266,4112800.0,70.95059967041016
2014-07-22,80.75,80.19999694824219,80.36000061035156,80.54000091552734,6336100.0,71.68937683105469
2014-07-23,81.08999633789062,80.20999908447266,80.45999908447266,81.0199966430664,3669200.0,72.11663818359375
2014-07-24,81.54000091552734,80.88999938964844,81.19000244140625,81.19999694824219,4359600.0,72.27684783935547
2014-07-25,81.30000305175781,80.88999938964844,81.0999984741211,81.02999877929688,4680100.0,72.12552642822266
2014-07-28,81.33999633789062,80.66000366210938,81.19999694824219,81.06999969482422,3441600.0,72.1611557006836
2014-07-29,81.80999755859375,80.88999938964844,81.20999908447266,80.9800033569336,4536500.0,72.08103942871094
2014-07-30,81.8499984741211,81.06999969482422,81.5,81.76000213623047,5807300.0,72.77532958984375
2014-07-31,81.58000183105469,80.8499984741211,81.08999633789062,80.8499984741211,5748900.0,71.96531677246094
2014-08-01,81.08000183105469,79.73999786376953,80.55999755859375,79.75,8708000.0,70.98619079589844
2014-08-04,80.25,79.66000366210938,79.69999694824219,80.02999877929688,7025000.0,71.23542785644531
2014-08-05,80.86000061035156,79.77999877929688,79.77999877929688,80.02999877929688,5895500.0,71.23542785644531
2014-08-06,81.0199966430664,79.8499984741211,79.94000244140625,80.5199966430664,4228200.0,71.67158508300781
2014-08-07,81.06999969482422,80.29000091552734,80.75,80.47000122070312,4045900.0,71.6270751953125
2014-08-08,82.45999908447266,80.87999725341797,81.06999969482422,82.43000030517578,7226500.0,73.37167358398438
2014-08-11,83.06999969482422,82.5,82.61000061035156,82.87999725341797,3952000.0,73.77222442626953
2014-08-12,83.08999633789062,82.68000030517578,82.75,82.91999816894531,3657100.0,73.8078384399414
2014-08-13,83.38999938964844,82.73999786376953,82.9800033569336,83.12000274658203,4498700.0,73.98584747314453
2014-08-14,83.97000122070312,82.73999786376953,83.08999633789062,83.86000061035156,4923000.0,74.64453125
2014-08-15,84.08999633789062,82.8499984741211,84.04000091552734,83.69000244140625,5383500.0,74.49321746826172
2014-08-18,84.62000274658203,83.29000091552734,84.20999908447266,83.58999633789062,9475300.0,74.40422058105469
2014-08-19,88.98999786376953,86.56999969482422,86.9000015258789,88.2300033569336,18244600.0,78.5343246459961
2014-08-20,91.06999969482422,88.08000183105469,88.16999816894531,90.75,13394200.0,80.77738189697266
2014-08-21,91.80999755859375,90.66999816894531,90.68000030517578,91.1500015258789,8315900.0,81.13343048095703
2014-08-22,91.33000183105469,90.6500015258789,90.73999786376953,91.02999877929688,6939200.0,81.026611328125
2014-08-25,91.81999969482422,90.94999694824219,91.25,91.19999694824219,7328700.0,81.17793273925781
2014-08-26,91.83000183105469,90.9000015258789,90.9800033569336,91.62999725341797,5396400.0,81.56067657470703
2014-08-27,91.95999908447266,91.30999755859375,91.68000030517578,91.87000274658203,4320200.0,81.77432250976562
2014-08-28,92.7300033569336,91.2699966430664,91.4000015258789,92.51000213623047,7575700.0,82.3439712524414
2014-08-29,93.5199966430664,92.61000061035156,92.73999786376953,93.5,7672200.0,83.22518920898438
2014-09-02,93.30999755859375,89.8499984741211,93.04000091552734,91.1500015258789,20753200.0,81.54332733154297
2014-09-03,91.30999755859375,88.9800033569336,91.11000061035156,89.0,15410400.0,79.61993408203125
2014-09-04,90.75,89.0,89.0,89.93000030517578,8452200.0,80.45191955566406
2014-09-05,91.63999938964844,89.27999877929688,89.66000366210938,91.61000061035156,7746400.0,81.9548568725586
2014-09-08,91.77999877929688,90.56999969482422,91.37999725341797,90.81999969482422,4885900.0,81.24810028076172
2014-09-09,90.33000183105469,88.77999877929688,90.20999908447266,88.93000030517578,8103000.0,79.55731201171875
2014-09-10,89.4000015258789,88.33000183105469,88.66000366210938,89.25,6245400.0,79.84357452392578
2014-09-11,89.41999816894531,88.62000274658203,89.06999969482422,89.22000122070312,4537800.0,79.81673431396484
2014-09-12,89.5,88.45999908447266,89.37999725341797,88.83999633789062,4593700.0,79.47679901123047
2014-09-15,89.54000091552734,88.5999984741211,89.18000030517578,89.37999725341797,3935000.0,79.95988464355469
2014-09-16,90.73999786376953,88.52999877929688,89.2699966430664,90.2699966430664,5045100.0,80.75605773925781
2014-09-17,91.54000091552734,89.94000244140625,90.62999725341797,91.22000122070312,7068800.0,81.60597229003906
2014-09-18,92.44000244140625,91.19999694824219,91.83000183105469,92.08999633789062,6025100.0,82.38428497314453
2014-09-19,93.75,92.19999694824219,92.8499984741211,92.33999633789062,12498800.0,82.60791778564453
2014-09-22,92.41999816894531,91.68000030517578,91.9800033569336,91.88999938964844,5208800.0,82.20532989501953
2014-09-23,92.22000122070312,91.44999694824219,91.79000091552734,91.48999786376953,6330000.0,81.84749603271484
2014-09-24,93.11000061035156,91.3499984741211,91.68000030517578,93.0199966430664,6381400.0,83.21625518798828
2014-09-25,93.0,91.55000305175781,92.80000305175781,91.9000015258789,4972100.0,82.21427917480469
2014-09-26,93.0,91.80000305175781,92.29000091552734,92.83999633789062,4571400.0,83.05522155761719
2014-09-29,93.16999816894531,91.94999694824219,92.37000274658203,92.87999725341797,3894600.0,83.09100341796875
2014-09-30,93.20999908447266,91.4000015258789,93.02999877929688,91.73999786376953,6773000.0,82.0711441040039
2014-10-01,92.33999633789062,90.91999816894531,92.13999938964844,91.0199966430664,5970700.0,81.42701721191406
2014-10-02,92.45999908447266,91.06999969482422,91.30999755859375,92.23999786376953,5991200.0,82.51846313476562
2014-10-03,93.68000030517578,92.33999633789062,92.5199966430664,93.54000091552734,6200100.0,83.68144989013672
2014-10-06,94.25,93.05999755859375,93.72000122070312,93.26000213623047,4951700.0,83.43096923828125
2014-10-07,93.55999755859375,92.44000244140625,93.04000091552734,92.47000122070312,5030300.0,82.72420501708984
2014-10-08,94.16000366210938,92.23999786376953,92.56999969482422,94.08999633789062,6618900.0,84.1734619140625
2014-10-09,94.79000091552734,93.0199966430664,93.91000366210938,93.06999969482422,6674700.0,83.26097869873047
2014-10-10,93.86000061035156,92.54000091552734,93.2300033569336,92.55000305175781,6349800.0,82.79578399658203
2014-10-13,92.94000244140625,90.43000030517578,92.87999725341797,90.5999984741211,7372200.0,81.05132293701172
2014-10-14,90.52999877929688,88.5199966430664,90.37000274658203,90.0999984741211,9711300.0,80.60398864746094
2014-10-15,89.16999816894531,86.62000274658203,88.08999633789062,87.8499984741211,12987500.0,78.59112548828125
2014-10-16,89.72000122070312,86.3499984741211,86.3499984741211,88.87999725341797,7147600.0,79.51258087158203
2014-10-17,91.12000274658203,89.05000305175781,89.30000305175781,90.23999786376953,7007300.0,80.7292251586914
2014-10-20,92.06999969482422,89.7699966430664,89.87000274658203,91.8499984741211,5609400.0,82.1695556640625
2014-10-21,94.37000274658203,92.12000274658203,92.52999877929688,94.19999694824219,6604700.0,84.27188873291016
2014-10-22,94.98999786376953,93.23999786376953,94.30000305175781,93.33999633789062,5908900.0,83.50251770019531
2014-10-23,95.5199966430664,94.44000244140625,94.5,94.80000305175781,5923100.0,84.80865478515625
2014-10-24,95.19000244140625,94.12999725341797,94.5999984741211,94.98999786376953,4825200.0,84.97862243652344
2014-10-27,95.68000030517578,94.70999908447266,94.95999908447266,95.47000122070312,4465100.0,85.40803527832031
2014-10-28,96.5999984741211,95.5,95.91000366210938,96.58999633789062,5260100.0,86.40999603271484
2014-10-29,97.25,95.80000305175781,96.62000274658203,96.41999816894531,4275400.0,86.25790405273438
2014-10-30,97.80000305175781,96.02999877929688,96.12000274658203,97.5199966430664,4115800.0,87.2419662475586
2014-10-31,99.26000213623047,97.33000183105469,98.77999877929688,97.5199966430664,6335900.0,87.2419662475586
2014-11-03,96.83000183105469,95.9800033569336,96.80999755859375,96.08999633789062,7614200.0,85.96269226074219
2014-11-04,96.18000030517578,95.19000244140625,96.05999755859375,95.95999908447266,5349600.0,85.84638977050781
2014-11-05,96.8499984741211,95.1500015258789,96.58999633789062,95.77999877929688,5002700.0,85.68536376953125
2014-11-06,97.51000213623047,96.01000213623047,96.3499984741211,97.29000091552734,4016900.0,87.03621673583984
2014-11-07,97.75,96.69000244140625,97.16999816894531,97.6500015258789,3429600.0,87.35826873779297
2014-11-10,98.16999816894531,97.0,97.63999938964844,98.16000366210938,3662300.0,87.81451416015625
2014-11-11,98.75,97.87999725341797,98.45999908447266,98.13999938964844,3818400.0,87.79662322998047
2014-11-12,98.69999694824219,97.61000061035156,98.30000305175781,98.48999786376953,4629400.0,88.1097412109375
2014-11-13,99.36000061035156,98.33999633789062,98.9000015258789,99.0,3182800.0,88.56599426269531
2014-11-14,99.0,98.0199966430664,98.9000015258789,98.23999786376953,4085500.0,87.8861083984375
2014-11-17,98.94999694824219,97.80000305175781,98.16999816894531,98.02999877929688,8581600.0,87.6982192993164
2014-11-18,97.70999908447266,95.9800033569336,97.1500015258789,95.9800033569336,10384400.0,85.86429595947266
2014-11-19,97.30999755859375,96.0,96.55000305175781,96.69999694824219,6831100.0,86.50839233398438
2014-11-20,97.97000122070312,96.0199966430664,96.08000183105469,97.56999969482422,4958800.0,87.28668975830078
2014-11-21,99.0999984741211,97.81999969482422,98.9800033569336,98.27999877929688,6806800.0,87.92186737060547
2014-11-24,98.9000015258789,98.22000122070312,98.68000030517578,98.4000015258789,5043600.0,88.02922058105469
2014-11-25,98.87000274658203,96.41000366210938,98.63999938964844,97.01000213623047,7992000.0,86.78571319580078
2014-11-26,97.70999908447266,97.01000213623047,97.05999755859375,97.69999694824219,4337900.0,87.40302276611328
2014-11-28,99.80000305175781,98.0,98.05999755859375,99.4000015258789,3305800.0,88.92382049560547
2014-12-01,99.61000061035156,98.30999755859375,99.48999786376953,98.87999725341797,4393700.0,88.45862579345703
2014-12-02,99.0,97.98999786376953,98.62000274658203,98.16000366210938,4677700.0,88.23391723632812
2014-12-03,98.73999786376953,98.04000091552734,98.0999984741211,98.58999633789062,4357200.0,88.62043762207031
2014-12-04,99.11000061035156,97.77999877929688,98.1500015258789,98.94999694824219,5220000.0,88.94403076171875
2014-12-05,99.68000030517578,98.66000366210938,98.7699966430664,99.63999938964844,4649100.0,89.56424713134766
2014-12-08,100.94999694824219,99.66000366210938,99.70999908447266,100.43000030517578,6624300.0,90.27437591552734
2014-12-09,99.9800033569336,98.58999633789062,99.69000244140625,99.63999938964844,5280500.0,89.56424713134766
2014-12-10,100.2300033569336,98.81999969482422,99.36000061035156,98.94000244140625,5357000.0,88.93505859375
2014-12-11,101.4000015258789,99.1500015258789,99.27999877929688,100.2699966430664,6864000.0,90.13054656982422
2014-12-12,101.25,99.38999938964844,99.69000244140625,99.77999877929688,5983300.0,89.69009399414062
2014-12-15,101.23999786376953,99.29000091552734,100.01000213623047,100.05000305175781,5488300.0,89.93280029296875
2014-12-16,100.2300033569336,96.98999786376953,99.37999725341797,97.05999755859375,7829300.0,87.24516296386719
2014-12-17,99.13999938964844,97.08999633789062,97.58999633789062,98.94000244140625,6096400.0,88.93505859375
2014-12-18,100.69000244140625,99.30000305175781,100.33999633789062,100.66999816894531,6594000.0,90.4901123046875
2014-12-19,102.0,100.80999755859375,100.91999816894531,101.93000030517578,12500600.0,91.62269592285156
2014-12-22,103.56999969482422,102.2300033569336,102.25,103.5,5418900.0,93.033935546875
2014-12-23,104.19999694824219,103.31999969482422,103.66000366210938,103.76000213623047,4067700.0,93.26764678955078
2014-12-24,104.37999725341797,103.55999755859375,104.05000305175781,103.55999755859375,1819000.0,93.0878677368164
2014-12-26,104.31999969482422,103.4800033569336,103.9800033569336,103.75,2594900.0,93.25863647460938
2014-12-29,104.80000305175781,103.26000213623047,103.58000183105469,104.52999877929688,3492700.0,93.95977783203125
2014-12-30,104.73999786376953,103.8499984741211,104.44000244140625,104.2699966430664,2927800.0,93.7260513305664
2014-12-31,106.0199966430664,104.55999755859375,104.75,104.97000122070312,5821600.0,94.35528564453125
2015-01-02,105.66000366210938,102.66999816894531,105.16000366210938,103.43000030517578,4323700.0,92.97100067138672
2015-01-05,102.77999877929688,100.79000091552734,102.77999877929688,101.26000213623047,5878100.0,91.02046203613281
2015-01-06,102.06999969482422,100.33999633789062,102.06999969482422,100.94999694824219,4910100.0,90.7417984008789
2015-01-07,104.47000122070312,102.0,102.29000091552734,104.41000366210938,5091000.0,93.85192108154297
2015-01-08,106.98999786376953,105.0199966430664,105.37000274658203,106.72000122070312,6464600.0,95.9283218383789
2015-01-09,106.87999725341797,104.81999969482422,106.87999725341797,104.88999938964844,5717600.0,94.28336334228516
2015-01-12,105.29000091552734,104.05999755859375,105.16999816894531,104.41999816894531,4992900.0,93.86090087890625
2015-01-13,106.04000091552734,103.1500015258789,105.41000366210938,103.7300033569336,5395200.0,93.24066925048828
2015-01-14,103.41000366210938,101.87999725341797,102.41999816894531,102.63999938964844,5384400.0,92.26089477539062
2015-01-15,103.6500015258789,100.81999969482422,103.31999969482422,101.01000213623047,6895000.0,90.79573059082031
2015-01-16,104.30999755859375,100.23999786376953,100.86000061035156,104.12000274658203,6403800.0,93.59123229980469
2015-01-20,104.94999694824219,102.3499984741211,104.83999633789062,103.25,5331300.0,92.80921173095703
2015-01-21,104.05999755859375,102.5,103.05000305175781,103.52999877929688,5899200.0,93.0608901977539
2015-01-22,106.30999755859375,103.54000091552734,104.37999725341797,106.06999969482422,5804100.0,95.34403228759766
2015-01-23,106.4800033569336,105.30999755859375,106.20999908447266,105.37000274658203,4072300.0,94.7148208618164
2015-01-26,106.5,105.05999755859375,105.36000061035156,106.36000061035156,4192300.0,95.60472106933594
2015-01-27,105.80999755859375,104.4000015258789,104.77999877929688,105.16000366210938,4606500.0,94.52606964111328
2015-01-28,107.43000030517578,104.5999984741211,105.30999755859375,104.73999786376953,4917300.0,94.14852905273438
2015-01-29,107.73999786376953,104.51000213623047,105.13999938964844,107.62000274658203,6529300.0,96.73731994628906
2015-01-30,106.86000061035156,104.37999725341797,106.36000061035156,104.41999816894531,7000000.0,93.86090087890625
2015-02-02,105.0,101.56999969482422,104.77999877929688,104.43000030517578,5012800.0,93.869873046875
2015-02-03,107.31999969482422,104.80999755859375,104.88999938964844,107.23999786376953,5969200.0,96.39573669433594
2015-02-04,109.0,106.75,107.08999633789062,108.41000366210938,6765200.0,97.44742584228516
2015-02-05,109.33999633789062,108.1500015258789,108.9800033569336,108.98999786376953,4471800.0,97.96876525878906
2015-02-06,109.73999786376953,108.45999908447266,109.27999877929688,109.04000091552734,4223700.0,98.01371002197266
2015-02-09,109.45999908447266,108.04000091552734,108.87999725341797,108.33999633789062,4243800.0,97.3844985961914
2015-02-10,110.8499984741211,108.66000366210938,108.79000091552734,110.66999816894531,5414400.0,99.47889709472656
2015-02-11,110.80000305175781,109.80999755859375,110.5999984741211,110.30999755859375,4552900.0,99.1552963256836
2015-02-12,112.19999694824219,110.20999908447266,110.80999755859375,112.16000366210938,4592200.0,100.81822967529297
2015-02-13,112.38999938964844,111.30000305175781,112.01000213623047,111.88999938964844,5098600.0,100.57552337646484
2015-02-17,112.2300033569336,110.62000274658203,111.69000244140625,112.0,6028600.0,100.67440795898438
2015-02-18,112.16999816894531,111.0,111.5999984741211,111.98999786376953,3731600.0,100.66539764404297
2015-02-19,112.44999694824219,110.63999938964844,112.01000213623047,110.94000244140625,5910600.0,99.72158813476562
2015-02-20,112.25,110.05000305175781,110.80999755859375,112.23999786376953,7276100.0,100.89013671875
2015-02-23,113.16000366210938,111.80000305175781,112.98999786376953,112.27999877929688,5638000.0,100.92607879638672
2015-02-24,117.91999816894531,115.12999725341797,117.5,116.75,12775500.0,104.94407653808594
2015-02-25,117.3499984741211,115.8499984741211,117.3499984741211,116.30999755859375,7328200.0,104.54857635498047
2015-02-26,116.41999816894531,115.19999694824219,116.0,115.37999725341797,5649900.0,103.71260833740234
2015-02-27,115.66999816894531,114.55999755859375,115.19000244140625,114.75,5732600.0,103.14631652832031
2015-03-02,117.05999755859375,114.86000061035156,114.86000061035156,116.12000274658203,5971900.0,104.3777847290039
2015-03-03,116.12000274658203,114.80000305175781,116.11000061035156,116.06999969482422,3784800.0,104.33282470703125
2015-03-04,115.47000122070312,114.25,115.38999938964844,114.76000213623047,3799000.0,103.1552963256836
2015-03-05,116.0999984741211,115.05999755859375,115.2300033569336,115.91000366210938,4088700.0,104.18901824951172
2015-03-06,115.95999908447266,114.0,115.95999908447266,114.44999694824219,5169200.0,102.87664031982422
2015-03-09,115.4800033569336,114.37000274658203,114.37999725341797,115.25,5351200.0,103.59574890136719
2015-03-10,114.33999633789062,112.55999755859375,113.8499984741211,112.55999755859375,5685000.0,101.69837951660156
2015-03-11,113.80000305175781,112.41000366210938,112.68000030517578,113.06999969482422,4356500.0,102.1591796875
2015-03-12,116.45999908447266,113.7699966430664,113.8499984741211,116.0999984741211,5742000.0,104.89678955078125
2015-03-13,116.30999755859375,114.0,115.98999786376953,114.81999969482422,4626900.0,103.74030303955078
2015-03-16,116.61000061035156,115.31999969482422,115.33000183105469,116.5,4820300.0,105.2582015991211
2015-03-17,116.08000183105469,115.13999938964844,115.44999694824219,115.58000183105469,3715900.0,104.42697143554688
2015-03-18,116.41999816894531,113.30999755859375,115.41000366210938,116.08000183105469,4773600.0,104.87872314453125
2015-03-19,116.43000030517578,115.06999969482422,116.20999908447266,115.16000366210938,3545600.0,104.04750061035156
2015-03-20,117.98999786376953,115.33000183105469,115.55000305175781,117.48999786376953,8446000.0,106.15267181396484
2015-03-23,117.75,116.06999969482422,117.04000091552734,116.06999969482422,4095200.0,104.86968994140625
2015-03-24,117.83000183105469,116.04000091552734,116.19999694824219,116.1500015258789,4026900.0,104.94196319580078
2015-03-25,116.61000061035156,113.63999938964844,115.95999908447266,113.68000030517578,4725800.0,102.71031188964844
2015-03-26,113.43000030517578,111.58000183105469,113.36000061035156,112.37000274658203,5409600.0,101.52674102783203
2015-03-27,114.2300033569336,112.0,112.08000183105469,113.86000061035156,3879300.0,102.8729476928711
2015-03-30,116.05000305175781,114.52999877929688,114.95999908447266,114.62999725341797,3968400.0,103.56864166259766
2015-03-31,115.37000274658203,113.55000305175781,113.69999694824219,113.61000061035156,4128800.0,102.64706420898438
2015-04-01,114.0,112.43000030517578,113.87999725341797,113.12999725341797,4737700.0,102.2134017944336
2015-04-02,114.91999816894531,112.5199966430664,112.61000061035156,114.54000091552734,4064800.0,103.48731994628906
2015-04-06,115.55000305175781,113.41000366210938,113.44999694824219,114.94999694824219,3248900.0,103.85775756835938
2015-04-07,115.79000091552734,114.2300033569336,114.83000183105469,114.30000305175781,3188300.0,103.27050018310547
2015-04-08,115.80999755859375,113.83000183105469,113.97000122070312,115.58999633789062,3753500.0,104.4360122680664
2015-04-09,116.25,114.13999938964844,115.45999908447266,114.56999969482422,4674000.0,103.51443481445312
2015-04-10,115.6500015258789,114.41999816894531,114.47000122070312,115.23999786376953,3658100.0,104.11980438232422
2015-04-13,115.43000030517578,114.3499984741211,114.95999908447266,114.44000244140625,2982000.0,103.3969955444336
2015-04-14,114.9800033569336,113.11000061035156,114.19999694824219,114.05000305175781,4072500.0,103.04461669921875
2015-04-15,115.20999908447266,113.37999725341797,114.58000183105469,113.44999694824219,4210800.0,102.50250244140625
2015-04-16,113.98999786376953,113.0199966430664,113.33999633789062,113.37000274658203,4013000.0,102.43025970458984
2015-04-17,113.11000061035156,111.7699966430664,112.91000366210938,112.0999984741211,6245200.0,101.28278350830078
2015-04-20,113.69000244140625,112.68000030517578,113.0,112.86000061035156,4396300.0,101.9694595336914
2015-04-21,113.9800033569336,112.5,113.5,113.16999816894531,3899500.0,102.24951934814453
2015-04-22,113.30999755859375,112.19000244140625,113.19999694824219,112.98999786376953,4065500.0,102.0868911743164
2015-04-23,114.51000213623047,112.55999755859375,112.73999786376953,113.95999908447266,3945300.0,102.96330261230469
2015-04-24,114.04000091552734,112.9000015258789,113.87999725341797,113.69999694824219,2878300.0,102.72838592529297
2015-04-27,114.11000061035156,111.27999877929688,114.05000305175781,111.38999938964844,5618000.0,100.64129638671875
2015-04-28,111.7699966430664,110.05000305175781,110.9000015258789,110.58000183105469,5743300.0,99.90945434570312
2015-04-29,110.30999755859375,108.06999969482422,110.16999816894531,108.70999908447266,7238900.0,98.21990203857422
2015-04-30,109.20999908447266,106.62000274658203,108.55999755859375,106.9800033569336,9041600.0,96.65685272216797
2015-05-01,109.79000091552734,106.8499984741211,106.9800033569336,109.55000305175781,6696900.0,98.9788589477539
2015-05-04,110.44999694824219,109.31999969482422,109.94000244140625,110.05999755859375,3366800.0,99.43962860107422
2015-05-05,109.87999725341797,107.9800033569336,109.19999694824219,108.05999755859375,4164800.0,97.63262176513672
2015-05-06,108.91000366210938,107.23999786376953,108.19999694824219,108.30999755859375,3996600.0,97.8585205078125
2015-05-07,110.72000122070312,108.25,108.4000015258789,110.04000091552734,5400200.0,99.42156982421875
2015-05-08,113.4800033569336,112.11000061035156,112.4000015258789,112.47000122070312,6435300.0,101.61707305908203
2015-05-11,112.91000366210938,111.80999755859375,112.23999786376953,111.9000015258789,3725200.0,101.1020736694336
2015-05-12,112.81999969482422,110.83000183105469,111.12000274658203,112.5199966430664,4053800.0,101.6622543334961
2015-05-13,112.94999694824219,111.0999984741211,112.91999816894531,111.19000244140625,4340700.0,100.4605941772461
2015-05-14,112.22000122070312,110.83000183105469,112.05000305175781,111.94000244140625,3815700.0,101.13822937011719
2015-05-15,113.4000015258789,111.81999969482422,111.91999816894531,113.3499984741211,4575800.0,102.41217041015625
2015-05-18,114.5999984741211,113.16000366210938,113.87000274658203,114.33000183105469,6878200.0,103.297607421875
2015-05-19,116.4800033569336,112.33999633789062,116.12000274658203,112.33999633789062,11133200.0,101.4996337890625
2015-05-20,112.88999938964844,111.22000122070312,112.19000244140625,112.0999984741211,7004500.0,101.28278350830078
2015-05-21,112.33000183105469,111.62000274658203,111.9800033569336,112.01000213623047,4238600.0,101.20146179199219
2015-05-22,112.52999877929688,111.45999908447266,111.87000274658203,112.16000366210938,3694000.0,101.33700561523438
2015-05-26,112.18000030517578,110.69000244140625,112.0,110.93000030517578,4612600.0,100.2256851196289
2015-05-27,112.52999877929688,110.80999755859375,111.04000091552734,112.16000366210938,4147800.0,101.33700561523438
2015-05-28,112.69999694824219,111.86000061035156,111.91000366210938,112.19000244140625,2806100.0,101.36410522460938
2015-05-29,112.58999633789062,111.37000274658203,111.83999633789062,111.41999816894531,5310600.0,100.66839599609375
2015-06-01,112.33999633789062,111.25,111.97000122070312,111.66999816894531,5114500.0,100.8942642211914
2015-06-02,112.18000030517578,110.63999938964844,110.75,111.58999633789062,6088200.0,101.3575210571289
2015-06-03,113.4800033569336,111.44999694824219,111.72000122070312,113.16000366210938,6337500.0,102.7835464477539
2015-06-04,113.16000366210938,111.16999816894531,112.5199966430664,111.45999908447266,4328600.0,101.23943328857422
2015-06-05,111.36000061035156,110.2699966430664,111.33999633789062,110.37000274658203,4505400.0,100.2493667602539
2015-06-08,110.80999755859375,109.83000183105469,110.13999938964844,109.93000030517578,3449000.0,99.84973907470703
2015-06-09,110.25,109.02999877929688,109.79000091552734,109.52999877929688,3659000.0,99.48640441894531
2015-06-10,111.19000244140625,109.38999938964844,109.9000015258789,110.9800033569336,3967900.0,100.80343627929688
2015-06-11,112.33000183105469,111.0,111.0,111.29000091552734,3642800.0,101.08501434326172
2015-06-12,111.58999633789062,110.41999816894531,110.88999938964844,110.5999984741211,4301900.0,100.45829010009766
2015-06-15,110.45999908447266,109.55000305175781,110.2300033569336,110.01000213623047,3965200.0,99.92239379882812
2015-06-16,110.44999694824219,109.75,109.9000015258789,110.2300033569336,3466600.0,100.12222290039062
2015-06-17,111.29000091552734,109.95999908447266,110.7300033569336,110.47000122070312,5722200.0,100.34021759033203
2015-06-18,112.30000305175781,110.76000213623047,111.05999755859375,111.8499984741211,7222600.0,101.59365844726562
2015-06-19,113.30000305175781,111.44000244140625,111.63999938964844,112.43000030517578,9255100.0,102.12047576904297
2015-06-22,113.62000274658203,112.77999877929688,112.93000030517578,113.06999969482422,3190200.0,102.70179748535156
2015-06-23,113.58999633789062,112.93000030517578,113.23999786376953,113.18000030517578,3075900.0,102.80171203613281
2015-06-24,113.68000030517578,112.3499984741211,112.94000244140625,112.3499984741211,3716100.0,102.04781341552734
2015-06-25,113.70999908447266,112.23999786376953,113.23999786376953,112.23999786376953,4466300.0,101.94790649414062
2015-06-26,113.33999633789062,112.2300033569336,112.7699966430664,112.5999984741211,4208500.0,102.27490234375
2015-06-29,112.31999969482422,110.45999908447266,111.55999755859375,110.54000091552734,5187400.0,100.4037857055664
2015-06-30,111.76000213623047,110.58999633789062,111.1500015258789,111.12999725341797,5938800.0,100.93968200683594
2015-07-01,112.80999755859375,111.47000122070312,112.44999694824219,112.06999969482422,4216200.0,101.79348754882812
2015-07-02,112.75,111.0999984741211,112.58000183105469,111.48999786376953,3845000.0,101.26669311523438
2015-07-06,111.93000030517578,110.16999816894531,110.2699966430664,111.31999969482422,3864700.0,101.11225891113281
2015-07-07,112.63999938964844,110.69999694824219,111.72000122070312,112.4000015258789,5515900.0,102.09322357177734
2015-07-08,112.45999908447266,110.80000305175781,111.72000122070312,111.0,3794100.0,100.82160186767578
2015-07-09,112.58999633789062,111.19999694824219,112.31999969482422,111.37999725341797,3643700.0,101.16676330566406
2015-07-10,113.4800033569336,112.08999633789062,112.66999816894531,113.0999984741211,4631400.0,102.72903442382812
2015-07-13,115.0199966430664,114.06999969482422,114.20999908447266,114.9000015258789,4171900.0,104.36399841308594
2015-07-14,115.52999877929688,114.38999938964844,114.5,115.36000061035156,3688900.0,104.78182220458984
2015-07-15,116.1500015258789,115.06999969482422,115.41999816894531,115.58000183105469,3364600.0,104.98163604736328
2015-07-16,115.91000366210938,113.83000183105469,115.87000274658203,114.7300033569336,5234800.0,104.20960235595703
2015-07-17,115.0,114.0,114.48999786376953,114.47000122070312,5497600.0,103.97342681884766
2015-07-20,114.11000061035156,112.16999816894531,112.25,113.41000366210938,6107500.0,103.01061248779297
2015-07-21,113.97000122070312,112.68000030517578,113.41000366210938,113.86000061035156,4660600.0,103.41938018798828
2015-07-22,115.08000183105469,113.80000305175781,113.95999908447266,114.9000015258789,5485200.0,104.36399841308594
2015-07-23,116.11000061035156,114.43000030517578,115.20999908447266,114.58999633789062,4308900.0,104.08240509033203
2015-07-24,115.2300033569336,113.43000030517578,114.73999786376953,113.58999633789062,4427800.0,103.17411041259766
2015-07-27,113.88999938964844,112.70999908447266,113.37000274658203,113.06999969482422,4468200.0,102.70179748535156
2015-07-28,115.02999877929688,113.18000030517578,113.76000213623047,114.83999633789062,4176800.0,104.30947875976562
2015-07-29,116.76000213623047,115.11000061035156,115.16000366210938,116.37000274658203,5104000.0,105.69921112060547
2015-07-30,116.73999786376953,115.3499984741211,115.94000244140625,116.45999908447266,3291100.0,105.78094482421875
2015-07-31,118.12999725341797,116.37000274658203,116.9800033569336,117.02999877929688,4301200.0,106.2986831665039
2015-08-03,117.69999694824219,116.16000366210938,117.62000274658203,116.88999938964844,3645000.0,106.1715087890625
2015-08-04,117.81999969482422,116.25,116.62999725341797,117.52999877929688,3008200.0,106.75285339355469
2015-08-05,118.52999877929688,117.0999984741211,118.37999725341797,118.0,4299100.0,107.17972564697266
2015-08-06,118.5,116.06999969482422,118.38999938964844,116.55999755859375,4768900.0,105.87178039550781
2015-08-07,117.16000366210938,115.77999877929688,116.69999694824219,116.93000030517578,3986100.0,106.20785522460938
2015-08-10,118.33999633789062,117.36000061035156,117.52999877929688,117.5999984741211,3408900.0,106.81640625
2015-08-11,118.13999938964844,116.76000213623047,117.0199966430664,117.69000244140625,4080000.0,106.89813995361328
2015-08-12,117.87999725341797,115.69999694824219,117.12999725341797,117.69000244140625,4575800.0,106.89813995361328
2015-08-13,120.13999938964844,117.79000091552734,118.0,119.0199966430664,6255500.0,108.10619354248047
2015-08-14,119.88999938964844,118.45999908447266,119.30000305175781,119.75,5135500.0,108.7692642211914
2015-08-17,120.75,118.7300033569336,119.0999984741211,119.69999694824219,7255600.0,108.72386169433594
2015-08-18,123.80000305175781,121.1500015258789,121.83000183105469,122.80000305175781,11021900.0,111.53959655761719
2015-08-19,123.79000091552734,122.12999725341797,122.66999816894531,122.76000213623047,6490300.0,111.50326538085938
2015-08-20,122.52999877929688,120.54000091552734,121.9800033569336,120.54000091552734,5555500.0,109.48681640625
2015-08-21,120.36000061035156,116.1500015258789,119.54000091552734,116.16000366210938,10190700.0,105.50846099853516
2015-08-24,115.87999725341797,92.16999816894531,110.05000305175781,112.54000091552734,13983100.0,102.22039794921875
2015-08-25,117.0,110.88999938964844,117.0,110.97000122070312,10221100.0,100.79438018798828
2015-08-26,116.02999877929688,112.08000183105469,114.05999755859375,115.93000030517578,9313200.0,105.2995376586914
2015-08-27,118.08999633789062,115.33000183105469,117.5,117.66000366210938,7579100.0,106.87089538574219
2015-08-28,118.45999908447266,116.91999816894531,117.43000030517578,117.5199966430664,5016000.0,106.74372863769531
2015-08-31,117.48999786376953,115.93000030517578,117.01000213623047,116.45999908447266,5444500.0,105.78094482421875
2015-09-01,114.75,112.55999755859375,113.98999786376953,113.06999969482422,7392900.0,103.2247543334961
2015-09-02,116.4800033569336,114.31999969482422,114.83000183105469,116.4800033569336,6487400.0,106.33780670166016
2015-09-03,118.08000183105469,116.18000030517578,117.02999877929688,116.5999984741211,5302900.0,106.4473876953125
2015-09-04,115.69000244140625,113.48999786376953,114.68000030517578,114.41999816894531,5752000.0,104.45719909667969
2015-09-08,116.63999938964844,114.7300033569336,115.69000244140625,116.43000030517578,5775800.0,106.29217529296875
2015-09-09,117.47000122070312,113.69999694824219,117.11000061035156,113.97000122070312,5316400.0,104.0463638305664
2015-09-10,115.41000366210938,113.69000244140625,114.0,114.48999786376953,5259100.0,104.52110290527344
2015-09-11,115.45999908447266,113.69999694824219,113.97000122070312,115.44000244140625,4472800.0,105.38838195800781
2015-09-14,115.68000030517578,114.41999816894531,115.5,114.7300033569336,4248700.0,104.74019622802734
2015-09-15,116.62999725341797,113.9000015258789,114.77999877929688,116.18000030517578,4994000.0,106.06394958496094
2015-09-16,118.02999877929688,115.97000122070312,116.08000183105469,117.81999969482422,5285100.0,107.5611572265625
2015-09-17,119.81999969482422,117.2699966430664,118.33000183105469,117.91000366210938,6607100.0,107.643310546875
2015-09-18,117.19999694824219,114.9800033569336,116.51000213623047,115.12000274658203,11366700.0,105.09626770019531
2015-09-21,117.11000061035156,115.2699966430664,115.95999908447266,116.58000183105469,5201100.0,106.42913055419922
2015-09-22,116.38999938964844,114.88999938964844,115.4000015258789,115.80000305175781,4631600.0,105.71704864501953
2015-09-23,116.55000305175781,115.66000366210938,115.8499984741211,116.16999816894531,4084900.0,106.05481719970703
2015-09-24,116.6500015258789,114.83999633789062,115.33999633789062,116.33999633789062,5172300.0,106.21001434326172
2015-09-25,118.16999816894531,116.04000091552734,117.2300033569336,116.73999786376953,5478900.0,106.57518768310547
2015-09-28,117.37999725341797,113.8499984741211,116.52999877929688,114.0999984741211,5994600.0,104.1650619506836
2015-09-29,114.93000030517578,111.80000305175781,114.20999908447266,112.91000366210938,7908800.0,103.07868957519531
2015-09-30,115.62999725341797,114.0,114.37000274658203,115.48999786376953,5395600.0,105.43402862548828
2015-10-01,117.12999725341797,114.73999786376953,116.2300033569336,117.02999877929688,5215200.0,106.83992767333984
2015-10-02,117.9000015258789,114.70999908447266,115.55999755859375,117.80999755859375,4359800.0,107.55201721191406
2015-10-05,119.29000091552734,117.91000366210938,118.75,119.19999694824219,4528700.0,108.82099914550781
2015-10-06,119.19999694824219,117.97000122070312,119.0999984741211,118.68000030517578,5275400.0,108.34627532958984
2015-10-07,119.83999633789062,118.48999786376953,119.19999694824219,119.6500015258789,4680100.0,109.2318115234375
2015-10-08,121.2300033569336,119.1500015258789,119.30999755859375,121.05999755859375,4958200.0,110.51904296875
2015-10-09,121.5,120.47000122070312,121.2699966430664,121.33000183105469,3893500.0,110.7655258178711
2015-10-12,122.44999694824219,121.0,121.48999786376953,121.9000015258789,2861900.0,111.28590393066406
2015-10-13,122.29000091552734,121.13999938964844,121.7699966430664,121.61000061035156,2971400.0,111.02114868164062
2015-10-14,121.87999725341797,119.55999755859375,121.33000183105469,120.2699966430664,5200400.0,109.79781341552734
2015-10-15,122.02999877929688,120.4000015258789,120.62000274658203,121.80999755859375,3448900.0,111.20375061035156
2015-10-16,122.81999969482422,121.62999725341797,121.62999725341797,122.73999786376953,4068800.0,112.05274200439453
2015-10-19,123.19999694824219,122.19999694824219,122.61000061035156,123.0999984741211,3097700.0,112.38140106201172
2015-10-20,123.16999816894531,122.3499984741211,122.88999938964844,122.8499984741211,3318400.0,112.1531753540039
2015-10-21,124.0199966430664,122.75,123.29000091552734,123.30000305175781,3491800.0,112.56401824951172
2015-10-22,124.4800033569336,122.87999725341797,123.9000015258789,124.36000061035156,5855300.0,113.53169250488281
2015-10-23,125.75,122.97000122070312,125.01000213623047,124.61000061035156,5281600.0,113.75993347167969
2015-10-26,125.66000366210938,124.0199966430664,124.55000305175781,125.01000213623047,4550200.0,114.1250991821289
2015-10-27,125.08999633789062,123.81999969482422,124.51000213623047,124.47000122070312,3674800.0,113.63213348388672
2015-10-28,124.58999633789062,122.22000122070312,124.37999725341797,123.81999969482422,6821500.0,113.0387191772461
2015-10-29,124.06999969482422,122.75,123.41999816894531,123.62999725341797,4635300.0,112.86526489257812
2015-10-30,124.75,123.2699966430664,123.2699966430664,123.63999938964844,4991500.0,112.8743896484375
2015-11-02,124.63999938964844,123.37999725341797,124.23999786376953,124.41000366210938,3715600.0,113.57734680175781
2015-11-03,126.04000091552734,123.80999755859375,124.2300033569336,125.66000366210938,4313700.0,114.718505859375
2015-11-04,125.87000274658203,124.62000274658203,125.4800033569336,125.37999725341797,4101200.0,114.46289825439453
2015-11-05,126.01000213623047,124.94999694824219,125.45999908447266,125.72000122070312,3059400.0,114.77330017089844
2015-11-06,126.11000061035156,124.81999969482422,125.2699966430664,125.9800033569336,3752000.0,115.01065826416016
2015-11-09,126.12000274658203,123.70999908447266,125.80000305175781,124.5,4988800.0,113.65950775146484
2015-11-10,125.41000366210938,124.04000091552734,124.48999786376953,125.26000213623047,3872900.0,114.35333251953125
2015-11-11,125.43000030517578,124.5199966430664,125.43000030517578,124.70999908447266,3240200.0,113.85121154785156
2015-11-12,124.97000122070312,123.05999755859375,124.18000030517578,123.80999755859375,4285700.0,113.02958679199219
2015-11-13,123.25,119.9000015258789,123.0999984741211,120.0,8728800.0,109.55133056640625
2015-11-16,121.02999877929688,118.61000061035156,120.05000305175781,120.83999633789062,7785700.0,110.31819152832031
2015-11-17,126.33999633789062,123.0999984741211,124.86000061035156,126.18000030517578,10517100.0,115.19322967529297
2015-11-18,126.7300033569336,124.66000366210938,126.44000244140625,126.54000091552734,6502000.0,115.52189636230469
2015-11-19,127.62000274658203,125.94999694824219,126.52999877929688,126.86000061035156,4662200.0,115.81401824951172
2015-11-20,130.2100067138672,127.08999633789062,127.36000061035156,130.2100067138672,8191900.0,118.8723373413086
2015-11-23,132.63999938964844,130.2100067138672,130.2100067138672,132.5,6329700.0,120.96292877197266
2015-11-24,133.92999267578125,131.74000549316406,131.92999267578125,133.60000610351562,6672700.0,121.96715545654297
2015-11-25,135.24000549316406,133.5500030517578,133.69000244140625,134.64999389648438,5300900.0,122.92570495605469
2015-11-27,135.47000122070312,134.52999877929688,134.80999755859375,134.74000549316406,3337700.0,123.00788879394531
2015-11-30,135.32000732421875,133.00999450683594,135.1999969482422,133.8800048828125,8057900.0,122.2227783203125
2015-12-01,134.6300048828125,133.25999450683594,133.52000427246094,134.42999267578125,5267600.0,123.26814270019531
2015-12-02,134.64999389648438,133.57000732421875,134.55999755859375,133.80999755859375,5022700.0,122.69959259033203
2015-12-03,134.1199951171875,130.8000030517578,133.52000427246094,130.92999267578125,6688000.0,120.05870819091797
2015-12-04,134.8300018310547,131.35000610351562,131.5500030517578,134.52999877929688,5387100.0,123.35980987548828
2015-12-07,134.7899932861328,133.19000244140625,134.0,133.92999267578125,5444300.0,122.80963897705078
2015-12-08,134.55999755859375,132.41000366210938,132.7100067138672,133.83999633789062,4731400.0,122.72711181640625
2015-12-09,134.77999877929688,131.50999450683594,133.2100067138672,131.89999389648438,5055600.0,120.94820404052734
2015-12-10,133.58999633789062,131.8000030517578,131.9600067138672,132.5399932861328,4185600.0,121.53502655029297
2015-12-11,132.5399932861328,130.30999755859375,132.5399932861328,130.44000244140625,5300800.0,119.60940551757812
2015-12-14,132.1300048828125,130.7100067138672,131.08999633789062,132.00999450683594,5960100.0,121.0490493774414
2015-12-15,133.49000549316406,131.19000244140625,132.6199951171875,131.2899932861328,4921800.0,120.38883972167969
2015-12-16,133.27999877929688,130.36000061035156,132.1699981689453,132.89999389648438,4711700.0,121.86514282226562
2015-12-17,133.5399932861328,131.0,133.05999755859375,131.35000610351562,4345800.0,120.4438705444336
2015-12-18,131.30999755859375,130.00999450683594,130.72999572753906,130.2899932861328,9840600.0,119.47187805175781
2015-12-21,131.61000061035156,130.17999267578125,131.0,131.30999755859375,3414800.0,120.40717315673828
2015-12-22,132.27999877929688,130.4600067138672,131.3699951171875,131.8800048828125,3401900.0,120.92985534667969
2015-12-23,133.33999633789062,131.8800048828125,132.49000549316406,133.11000061035156,3244800.0,122.0577163696289
2015-12-24,133.47999572753906,132.66000366210938,132.8000030517578,132.89999389648438,1517100.0,121.86514282226562
2015-12-28,132.89999389648438,131.88999938964844,132.25,132.67999267578125,2607200.0,121.66339874267578
2015-12-29,134.3300018310547,133.27999877929688,133.3699951171875,133.6999969482422,3037400.0,122.59873962402344
2015-12-30,134.05999755859375,133.27999877929688,133.5800018310547,133.35000610351562,2484700.0,122.27781677246094
2015-12-31,133.57000732421875,132.24000549316406,133.0800018310547,132.25,3178700.0,121.26911926269531
2016-01-04,131.07000732421875,129.4499969482422,130.11000061035156,131.07000732421875,8050900.0,120.1871109008789
2016-01-05,131.94000244140625,130.0500030517578,131.14999389648438,130.42999267578125,5320900.0,119.60023498535156
2016-01-06,129.89999389648438,128.55999755859375,129.0,129.0800018310547,8199600.0,118.36233520507812
2016-01-07,127.87999725341797,124.69999694824219,126.93000030517578,125.4000015258789,12551000.0,114.98788452148438
2016-01-08,126.52999877929688,123.5,126.44000244140625,123.9000015258789,7104500.0,113.61244201660156
2016-01-11,126.08000183105469,124.08999633789062,124.87000274658203,125.77999877929688,6811600.0,115.33634185791016
2016-01-12,128.8000030517578,125.83000183105469,126.77999877929688,127.48999786376953,5695700.0,116.90435791015625
2016-01-13,127.47000122070312,120.97000122070312,127.47000122070312,121.4000015258789,8932200.0,111.32002258300781
2016-01-14,121.5199966430664,118.19999694824219,121.29000091552734,119.62000274658203,13389100.0,109.68780517578125
2016-01-15,121.1500015258789,116.0999984741211,117.12000274658203,119.2300033569336,10515000.0,109.3302001953125
2016-01-19,121.88999938964844,118.80000305175781,120.54000091552734,119.76000213623047,6350700.0,109.81617736816406
2016-01-20,118.66000366210938,113.58999633789062,117.88999938964844,116.45999908447266,11331400.0,106.7901840209961
2016-01-21,121.94000244140625,117.13999938964844,117.37999725341797,120.22000122070312,8993900.0,110.23798370361328
2016-01-22,124.66999816894531,121.58000183105469,121.63999938964844,122.76000213623047,6554500.0,112.56708526611328
2016-01-25,123.8499984741211,121.55999755859375,123.37999725341797,121.70999908447266,4854700.0,111.6042709350586
2016-01-26,122.44999694824219,120.63999938964844,121.7300033569336,122.19999694824219,4475600.0,112.05358123779297
2016-01-27,124.31999969482422,120.86000061035156,122.45999908447266,121.56999969482422,5431000.0,111.47589111328125
2016-01-28,122.69000244140625,120.30999755859375,121.97000122070312,122.27999877929688,4871600.0,112.12693786621094
2016-01-29,125.76000213623047,122.75,123.16999816894531,125.76000213623047,7616200.0,115.31800079345703
2016-02-01,127.08999633789062,123.98999786376953,124.91999816894531,126.51000213623047,4674100.0,116.00572967529297
2016-02-02,126.43000030517578,124.70999908447266,125.41000366210938,125.2699966430664,5832200.0,114.86868286132812
2016-02-03,126.16000366210938,121.54000091552734,126.0199966430664,123.79000091552734,7485700.0,113.5115737915039
2016-02-04,123.9000015258789,119.44999694824219,123.6500015258789,121.11000061035156,9171800.0,111.05409240722656
2016-02-05,121.0,115.69000244140625,120.88999938964844,116.43000030517578,8117700.0,106.76268005371094
2016-02-08,115.97000122070312,109.62000274658203,114.93000030517578,111.8499984741211,11286600.0,102.5629653930664
2016-02-09,115.29000091552734,110.68000030517578,110.94000244140625,113.86000061035156,7572900.0,104.40605926513672
2016-02-10,116.16000366210938,114.05000305175781,114.5,114.33000183105469,5307600.0,104.83705139160156
2016-02-11,114.19000244140625,112.22000122070312,113.08000183105469,113.2699966430664,6447100.0,103.86505126953125
2016-02-12,116.43000030517578,113.5199966430664,114.87999725341797,116.31999969482422,5361600.0,106.66181945800781
2016-02-16,120.0,117.69999694824219,118.12000274658203,119.43000030517578,6966400.0,109.51359558105469
2016-02-17,121.68000030517578,119.87000274658203,120.44999694824219,121.20999908447266,5970700.0,111.14578247070312
2016-02-18,121.11000061035156,119.55999755859375,120.93000030517578,119.97000122070312,4460700.0,110.00875854492188
2016-02-19,121.69999694824219,118.75,119.81999969482422,121.69000244140625,5435500.0,111.58595275878906
2016-02-22,124.47000122070312,122.12999725341797,123.0,122.8499984741211,7796900.0,112.64962005615234
2016-02-23,127.19000244140625,123.3499984741211,127.0,124.52999877929688,11168700.0,114.19013214111328
2016-02-24,125.77999877929688,122.91999816894531,124.05000305175781,125.61000061035156,7935500.0,115.18045806884766
2016-02-25,126.86000061035156,124.88999938964844,125.76000213623047,126.86000061035156,4738800.0,116.32665252685547
2016-02-26,127.75,125.93000030517578,127.58999633789062,126.26000213623047,4608200.0,115.77648162841797
2016-02-29,126.98999786376953,124.05000305175781,126.26000213623047,124.12000274658203,5575300.0,113.81417083740234
2016-03-01,125.97000122070312,123.9800033569336,124.77999877929688,125.69999694824219,4916900.0,115.26298522949219
2016-03-02,125.87000274658203,124.45999908447266,125.4800033569336,125.58999633789062,3967500.0,115.162109375
2016-03-03,127.26000213623047,124.77999877929688,125.19999694824219,126.80000305175781,5009700.0,116.27165222167969
2016-03-04,127.5,125.16000366210938,127.37000274658203,125.55999755859375,6448200.0,115.13460540771484
2016-03-07,126.54000091552734,125.01000213623047,125.01000213623047,126.16999816894531,4161200.0,115.69395446777344
2016-03-08,128.1999969482422,125.0,125.22000122070312,126.72000122070312,5280900.0,116.83724975585938
2016-03-09,127.5199966430664,125.33000183105469,127.02999877929688,126.02999877929688,4047000.0,116.20105743408203
2016-03-10,127.0,124.30999755859375,126.19999694824219,125.88999938964844,4503700.0,116.07198333740234
2016-03-11,128.75999450683594,126.7300033569336,126.97000122070312,128.4600067138672,4626600.0,118.4415512084961
2016-03-14,129.66000366210938,128.10000610351562,128.42999267578125,128.83999633789062,3653200.0,118.79190826416016
2016-03-15,130.47999572753906,128.6199951171875,128.77999877929688,129.7100067138672,4033900.0,119.59410095214844
2016-03-16,131.11000061035156,128.80999755859375,129.6300048828125,130.4499969482422,3609600.0,120.27635955810547
2016-03-17,131.19000244140625,129.32000732421875,130.10000610351562,130.8800048828125,4130900.0,120.67280578613281
2016-03-18,132.08999633789062,130.8300018310547,131.13999938964844,131.35000610351562,8069200.0,121.10617065429688
2016-03-21,132.1300048828125,130.27000427246094,131.52999877929688,131.00999450683594,3817000.0,120.79266357421875
2016-03-22,131.22000122070312,129.9199981689453,130.61000061035156,130.58999633789062,3946500.0,120.40542602539062
2016-03-23,131.17999267578125,129.9499969482422,130.58999633789062,130.22000122070312,3625300.0,120.06427764892578
2016-03-24,130.75999450683594,129.4600067138672,129.5399932861328,130.4600067138672,3448700.0,120.28557586669922
2016-03-28,131.80999755859375,130.49000549316406,130.60000610351562,131.0800018310547,2621100.0,120.85720825195312
2016-03-29,132.89999389648438,130.7100067138672,131.0,132.47000122070312,3405400.0,122.13882446289062
2016-03-30,133.92999267578125,132.83999633789062,133.11000061035156,133.4199981689453,3138300.0,123.01472473144531
2016-03-31,134.2899932861328,133.0,133.55999755859375,133.42999267578125,3685900.0,123.0239486694336
2016-04-01,135.1999969482422,133.10000610351562,133.10000610351562,134.85000610351562,4259400.0,124.33316802978516
2016-04-04,136.22999572753906,134.35000610351562,136.07000732421875,134.85000610351562,3547600.0,124.33316802978516
2016-04-05,135.6999969482422,133.89999389648438,134.1999969482422,134.5800018310547,4068600.0,124.0842514038086
2016-04-06,135.74000549316406,133.82000732421875,134.25,135.44000244140625,3364800.0,124.87715911865234
2016-04-07,135.24000549316406,133.1199951171875,134.72999572753906,133.8699951171875,3953700.0,123.42961120605469
2016-04-08,134.6199951171875,133.05999755859375,134.6199951171875,133.6199951171875,2924400.0,123.19912719726562
2016-04-11,135.0800018310547,132.9600067138672,133.5800018310547,133.00999450683594,3472700.0,122.63668823242188
2016-04-12,134.72000122070312,133.11000061035156,133.3000030517578,134.3800048828125,4251400.0,123.89986419677734
2016-04-13,134.86000061035156,133.22000122070312,134.86000061035156,133.83999633789062,4324800.0,123.40196990966797
2016-04-14,134.7100067138672,132.8800048828125,133.5,134.3699951171875,4183300.0,123.89061737060547
2016-04-15,135.27999877929688,133.97000122070312,134.41000366210938,135.00999450683594,3508900.0,124.48072814941406
2016-04-18,136.8000030517578,134.74000549316406,134.80999755859375,136.8000030517578,3964300.0,126.13109588623047
2016-04-19,137.0,134.85000610351562,136.8000030517578,135.44000244140625,4649500.0,124.87715911865234
2016-04-20,136.0800018310547,134.47999572753906,135.75,135.19000244140625,4760200.0,124.64669799804688
2016-04-21,135.49000549316406,134.38999938964844,135.22999572753906,134.60000610351562,3542200.0,124.10269165039062
2016-04-22,135.67999267578125,133.41000366210938,134.85000610351562,135.66000366210938,4180900.0,125.08004760742188
2016-04-25,135.72999572753906,134.27999877929688,135.17999267578125,135.64999389648438,2835400.0,125.07079315185547
2016-04-26,136.24000549316406,134.8800048828125,135.08999633789062,135.33999633789062,3507200.0,124.78495788574219
2016-04-27,136.27999877929688,134.75999450683594,135.3699951171875,135.75,3488100.0,125.16302490234375
2016-04-28,135.44000244140625,132.49000549316406,134.80999755859375,132.72999572753906,5553600.0,122.37853240966797
2016-04-29,134.3000030517578,131.75,132.7100067138672,133.88999938964844,4610100.0,123.44807434082031
2016-05-02,136.25,134.30999755859375,134.3699951171875,136.0500030517578,4284400.0,125.43958282470703
2016-05-03,135.83999633789062,134.0399932861328,135.4499969482422,134.5399932861328,3408700.0,124.0473861694336
2016-05-04,135.39999389648438,133.1300048828125,133.58999633789062,135.16000366210938,3192100.0,124.61903381347656
2016-05-05,135.3699951171875,133.75,134.8699951171875,134.6699981689453,3474900.0,124.16722106933594
2016-05-06,135.80999755859375,134.30999755859375,134.47999572753906,135.6999969482422,3356800.0,125.11690521240234
2016-05-09,136.47000122070312,135.24000549316406,135.58999633789062,136.24000549316406,3552300.0,125.61480712890625
2016-05-10,137.82000732421875,136.3000030517578,136.32000732421875,137.50999450683594,3662800.0,126.78572082519531
2016-05-11,137.0500030517578,134.0399932861328,136.8000030517578,134.3000030517578,6058400.0,123.82611083984375
2016-05-12,135.0,133.10000610351562,135.0,134.19000244140625,5355600.0,123.72464752197266
2016-05-13,135.3300018310547,133.02999877929688,133.80999755859375,133.1300048828125,5295800.0,122.74736022949219
2016-05-16,136.5500030517578,133.0800018310547,133.83999633789062,135.33999633789062,8394800.0,124.78495788574219
2016-05-17,134.49000549316406,131.10000610351562,133.14999389648438,132.0,15989600.0,121.70547485351562
2016-05-18,132.77000427246094,130.02000427246094,131.02999877929688,131.77000427246094,8258900.0,121.493408203125
2016-05-19,132.1300048828125,130.77999877929688,131.4499969482422,131.72999572753906,4577200.0,121.45650482177734
2016-05-20,133.05999755859375,131.75,131.88999938964844,131.85000610351562,5089800.0,121.5671615600586
2016-05-23,132.47999572753906,131.3000030517578,131.83999633789062,131.4199981689453,3854500.0,121.17069244384766
2016-05-24,133.8699951171875,132.0500030517578,132.17999267578125,133.36000061035156,5181500.0,122.95939636230469
2016-05-25,134.52000427246094,133.0500030517578,133.4600067138672,133.1999969482422,5017500.0,122.81187438964844
2016-05-26,134.36000061035156,132.86000061035156,133.1300048828125,134.0500030517578,3996800.0,123.5956039428711
2016-05-27,134.89999389648438,133.3800048828125,134.07000732421875,133.94000244140625,4025300.0,123.49417114257812
2016-05-31,133.8000030517578,131.72000122070312,133.57000732421875,132.1199951171875,6366900.0,122.44688415527344
2016-06-01,132.1199951171875,131.14999389648438,132.1199951171875,131.8300018310547,4744300.0,122.17813110351562
2016-06-02,132.6999969482422,131.3300018310547,131.85000610351562,132.41000366210938,3858500.0,122.71568298339844
2016-06-03,132.72999572753906,130.9199981689453,132.52999877929688,131.74000549316406,4155900.0,122.09471130371094
2016-06-06,130.8699951171875,128.47000122070312,130.82000732421875,129.19000244140625,8051700.0,119.7314224243164
2016-06-07,130.8000030517578,129.32000732421875,129.3800048828125,129.9199981689453,4434000.0,120.40796661376953
2016-06-08,130.2899932861328,129.25,130.00999450683594,129.58999633789062,3742400.0,120.10212707519531
2016-06-09,129.83999633789062,129.0399932861328,129.27000427246094,129.3000030517578,3450500.0,119.83335876464844
2016-06-10,129.22999572753906,128.2100067138672,128.4499969482422,128.8300018310547,3926000.0,119.39778900146484
2016-06-13,129.4499969482422,127.79000091552734,128.94000244140625,127.83000183105469,4830900.0,118.47097778320312
2016-06-14,127.44000244140625,124.70999908447266,127.30999755859375,125.23999786376953,7303500.0,116.07061767578125
2016-06-15,127.75,125.48999786376953,125.73999786376953,126.52999877929688,5140000.0,117.26616668701172
2016-06-16,127.54000091552734,125.66000366210938,126.05000305175781,127.36000061035156,4431800.0,118.035400390625
2016-06-17,127.77999877929688,126.7300033569336,127.5199966430664,127.13999938964844,7541900.0,117.8315200805664
2016-06-20,128.85000610351562,127.41999816894531,128.1300048828125,127.62000274658203,3880300.0,118.27635192871094
2016-06-21,128.30999755859375,127.29000091552734,127.95999908447266,127.73999786376953,3600900.0,118.3875961303711
2016-06-22,128.97000122070312,127.4000015258789,127.69000244140625,127.5999984741211,3723700.0,118.25782775878906
2016-06-23,129.10000610351562,127.44999694824219,128.97999572753906,128.2899932861328,4784500.0,118.89730834960938
2016-06-24,127.80000305175781,125.5,126.0999984741211,126.4000015258789,8979800.0,117.14569091796875
2016-06-27,125.75,123.62000274658203,125.33999633789062,124.66999816894531,5656900.0,115.54234313964844
2016-06-28,127.52999877929688,125.5999984741211,125.88999938964844,127.52999877929688,5385000.0,118.19295501708984
2016-06-29,128.47000122070312,126.9000015258789,127.9000015258789,127.37000274658203,5782100.0,118.04467010498047
2016-06-30,127.86000061035156,126.0999984741211,127.2699966430664,127.69000244140625,6642000.0,118.34123992919922
2016-07-01,130.22999572753906,128.1199951171875,128.2899932861328,129.6199951171875,5645200.0,120.12992858886719
2016-07-05,130.47999572753906,128.5,129.60000610351562,129.35000610351562,4096600.0,119.87970733642578
2016-07-06,131.61000061035156,129.02999877929688,129.1999969482422,131.57000732421875,4933200.0,121.93717193603516
2016-07-07,132.17999267578125,130.55999755859375,131.25,131.16000366210938,3973600.0,121.55719757080078
2016-07-08,134.36000061035156,132.25,132.3300018310547,134.33999633789062,4806200.0,124.50435638427734
2016-07-11,135.8800048828125,134.4499969482422,134.8300018310547,135.14999389648438,4577000.0,125.25505065917969
2016-07-12,135.99000549316406,134.3000030517578,135.24000549316406,134.83999633789062,3615800.0,124.96774291992188
2016-07-13,135.1999969482422,133.10000610351562,134.83999633789062,133.55999755859375,4235500.0,123.78147888183594
2016-07-14,134.7899932861328,133.8300018310547,134.39999389648438,134.5399932861328,3122300.0,124.68973541259766
2016-07-15,135.58999633789062,134.64999389648438,135.1199951171875,134.77999877929688,5323000.0,124.9121322631836
2016-07-18,136.47999572753906,134.80999755859375,135.4600067138672,136.33999633789062,3730900.0,126.35794067382812
2016-07-19,137.0500030517578,135.55999755859375,136.07000732421875,136.97999572753906,3831500.0,126.95106506347656
2016-07-20,137.4499969482422,136.77000427246094,137.39999389648438,137.41000366210938,3092000.0,127.349609375
2016-07-21,137.13999938964844,135.47000122070312,136.75999450683594,136.07000732421875,4938100.0,126.10771942138672
2016-07-22,136.63999938964844,135.9600067138672,136.41000366210938,136.52000427246094,2627200.0,126.5247573852539
2016-07-25,136.85000610351562,136.14999389648438,136.5500030517578,136.5,3352600.0,126.50621795654297
2016-07-26,137.50999450683594,136.05999755859375,136.5,136.75,2575600.0,126.7378921508789
2016-07-27,137.69000244140625,135.9600067138672,137.00999450683594,136.30999755859375,3030800.0,126.33013153076172
2016-07-28,138.1199951171875,136.10000610351562,136.19000244140625,137.9600067138672,3230000.0,127.85932159423828
2016-07-29,138.72000122070312,137.44000244140625,137.4600067138672,138.24000549316406,3662600.0,128.1188507080078
2016-08-01,138.94000244140625,137.85000610351562,138.05999755859375,138.77000427246094,3157800.0,128.6100311279297
2016-08-02,139.0,136.82000732421875,138.91000366210938,137.22000122070312,3898100.0,127.17351531982422
2016-08-03,137.22000122070312,135.6999969482422,137.1300048828125,137.05999755859375,3642600.0,127.02521514892578
2016-08-04,137.1999969482422,135.4600067138672,135.7899932861328,136.0500030517578,3802900.0,126.08914184570312
2016-08-05,137.74000549316406,136.60000610351562,137.0,136.91000366210938,3022100.0,126.88619232177734
2016-08-08,137.39999389648438,136.16000366210938,136.91000366210938,136.2100067138672,3182800.0,126.2374496459961
2016-08-09,137.08999633789062,135.33999633789062,136.27000427246094,136.11000061035156,3180400.0,126.14476776123047
2016-08-10,136.88999938964844,135.05999755859375,136.3000030517578,135.60000610351562,3438000.0,125.672119140625
2016-08-11,137.5,135.1699981689453,136.30999755859375,137.0399932861328,4183300.0,127.0066909790039
2016-08-12,137.38999938964844,135.6300048828125,136.0,136.57000732421875,4090000.0,126.57111358642578
2016-08-15,137.97000122070312,136.92999267578125,137.11000061035156,137.05999755859375,6327400.0,127.02521514892578
2016-08-16,138.64999389648438,135.66000366210938,137.64999389648438,136.22999572753906,7286100.0,126.25601196289062
2016-08-17,136.47000122070312,134.75,135.5,136.14999389648438,5222200.0,126.18182373046875
2016-08-18,136.14999389648438,134.44000244140625,136.02999877929688,134.8000030517578,4430800.0,124.93067932128906
2016-08-19,135.75999450683594,134.32000732421875,134.4199981689453,135.4600067138672,3959000.0,125.5423812866211
2016-08-22,135.85000610351562,135.02000427246094,135.60000610351562,135.33999633789062,2752500.0,125.43112182617188
2016-08-23,136.5500030517578,135.92999267578125,135.92999267578125,136.22000122070312,2961100.0,126.24671173095703
2016-08-24,136.25,134.80999755859375,135.77000427246094,135.05999755859375,4113000.0,125.1716537475586
2016-08-25,136.16000366210938,134.3699951171875,134.72999572753906,135.42999267578125,3168900.0,125.51453399658203
2016-08-26,136.17999267578125,133.9199981689453,135.42999267578125,134.36000061035156,4193400.0,124.52288055419922
2016-08-29,135.3000030517578,134.5800018310547,134.86000061035156,135.24000549316406,3227700.0,125.33846282958984
2016-08-30,135.0500030517578,133.6300048828125,134.8000030517578,134.10000610351562,3440600.0,124.91930389404297
2016-08-31,134.67999267578125,133.60000610351562,133.88999938964844,134.1199951171875,4650600.0,124.93791198730469
2016-09-01,135.05999755859375,133.66000366210938,134.47999572753906,134.22999572753906,3851800.0,125.04037475585938
2016-09-02,135.8800048828125,134.5500030517578,134.77000427246094,135.14999389648438,3402600.0,125.89738464355469
2016-09-06,135.72000122070312,133.8800048828125,134.9600067138672,134.10000610351562,4220400.0,124.91930389404297
2016-09-07,133.8699951171875,132.16000366210938,133.3000030517578,132.7899932861328,4676000.0,123.69894409179688
2016-09-08,132.94000244140625,131.1199951171875,131.5500030517578,131.25999450683594,5019600.0,122.2737045288086
2016-09-09,130.88999938964844,127.7300033569336,130.63999938964844,127.73999786376953,6315000.0,118.99471282958984
2016-09-12,128.85000610351562,126.0,126.5,128.58999633789062,7882600.0,119.7864990234375
2016-09-13,128.0,125.43000030517578,127.73999786376953,125.72000122070312,6376300.0,117.11299896240234
2016-09-14,126.94999694824219,125.56999969482422,125.61000061035156,126.26000213623047,4313900.0,117.61601257324219
2016-09-15,127.63999938964844,125.70999908447266,125.97000122070312,126.95999908447266,5100700.0,118.2680892944336
2016-09-16,127.0199966430664,125.69999694824219,127.0199966430664,126.11000061035156,6941200.0,117.47628784179688
2016-09-19,127.37000274658203,126.16999816894531,126.68000030517578,126.29000091552734,4525400.0,117.64395904541016
2016-09-20,127.33000183105469,126.33000183105469,126.86000061035156,126.83000183105469,3627100.0,118.14700317382812
2016-09-21,128.58999633789062,126.55000305175781,127.5199966430664,128.11000061035156,5367400.0,119.33936309814453
2016-09-22,129.64999389648438,128.72000122070312,128.82000732421875,128.75,4099700.0,119.93553924560547
2016-09-23,129.1999969482422,127.79000091552734,128.6300048828125,127.79000091552734,4464700.0,119.04126739501953
2016-09-26,127.2300033569336,125.3499984741211,127.0999984741211,125.44999694824219,5338500.0,116.86148071289062
2016-09-27,126.98999786376953,125.36000061035156,125.80000305175781,126.81999969482422,4433600.0,118.13766479492188
2016-09-28,128.52999877929688,127.05999755859375,127.20999908447266,128.27000427246094,5751100.0,119.48841094970703
2016-09-29,130.74000549316406,127.91000366210938,128.5,127.93000030517578,5987500.0,119.17168426513672
2016-09-30,129.24000549316406,127.62999725341797,127.87000274658203,128.67999267578125,6044600.0,119.87033081054688
2016-10-03,128.82000732421875,127.97000122070312,128.1999969482422,128.5,3652700.0,119.7026596069336
2016-10-04,129.9199981689453,127.94999694824219,128.52999877929688,128.1999969482422,4848600.0,119.42321014404297
2016-10-05,129.02999877929688,127.5199966430664,128.32000732421875,127.58000183105469,4115400.0,118.84564971923828
2016-10-06,130.4499969482422,126.43000030517578,126.87000274658203,130.19000244140625,7472400.0,121.27696990966797
2016-10-07,130.41000366210938,127.87999725341797,129.8300018310547,128.30999755859375,5511900.0,119.52566528320312
2016-10-10,128.94000244140625,127.25,128.4499969482422,127.25,4349700.0,118.53824615478516
2016-10-11,127.08000183105469,125.45999908447266,126.8499984741211,125.8499984741211,5113900.0,117.23408508300781
2016-10-12,127.16000366210938,125.70999908447266,125.8499984741211,126.69000244140625,3545900.0,118.0165786743164
2016-10-13,126.66000366210938,125.16999816894531,126.25,126.29000091552734,3655700.0,117.64395904541016
2016-10-14,127.55999755859375,126.41999816894531,126.9000015258789,126.41999816894531,4462100.0,117.76506042480469
2016-10-17,126.80000305175781,124.87999725341797,126.18000030517578,125.13999938964844,3753000.0,116.57269287109375
2016-10-18,126.25,125.1500015258789,126.1500015258789,125.73999786376953,3563300.0,117.1316146850586
2016-10-19,126.08999633789062,124.51000213623047,125.76000213623047,125.88999938964844,4094800.0,117.27135467529297
2016-10-20,127.08000183105469,125.56999969482422,125.94999694824219,126.25,3543200.0,117.60670471191406
2016-10-21,126.80000305175781,125.25,125.30999755859375,126.5999984741211,3234100.0,117.93274688720703
2016-10-24,128.13999938964844,127.2300033569336,127.2300033569336,127.77999877929688,3824800.0,119.03195190429688
2016-10-25,126.2699966430664,123.29000091552734,126.2699966430664,123.33999633789062,8731900.0,114.89591979980469
2016-10-26,123.75,122.4000015258789,122.83000183105469,122.70999908447266,5456100.0,114.30905151367188
2016-10-27,123.45999908447266,121.8499984741211,122.70999908447266,122.26000213623047,4261600.0,113.88988494873047
2016-10-28,124.08999633789062,122.20999908447266,122.69999694824219,123.58000183105469,4497700.0,115.11949157714844
2016-10-31,123.5,121.62000274658203,123.3499984741211,122.01000213623047,5671500.0,113.656982421875
2016-11-01,122.25,119.19999694824219,121.69000244140625,119.88999938964844,7492600.0,111.68212127685547
2016-11-02,121.29000091552734,119.81999969482422,119.93000030517578,120.29000091552734,4846000.0,112.05472564697266
2016-11-03,120.93000030517578,120.08000183105469,120.33999633789062,120.18000030517578,5113500.0,111.95225524902344
2016-11-04,121.9000015258789,120.05999755859375,120.54000091552734,120.91000366210938,4607600.0,112.63228607177734
2016-11-07,123.9800033569336,122.30999755859375,122.5,123.75,5510400.0,115.2778549194336
2016-11-08,125.41999816894531,123.5999984741211,123.94999694824219,124.25,6105900.0,115.74362182617188
2016-11-09,126.26000213623047,120.31999969482422,120.94999694824219,126.0199966430664,8052500.0,117.39246368408203
2016-11-10,130.10000610351562,126.51000213623047,126.72000122070312,129.02999877929688,8737000.0,120.19636535644531
2016-11-11,130.1300048828125,128.72000122070312,129.05999755859375,129.85000610351562,5496100.0,120.96025085449219
2016-11-14,130.63999938964844,126.94000244140625,130.5,127.66999816894531,11438500.0,118.92948150634766
2016-11-15,127.66999816894531,122.91999816894531,127.06999969482422,124.4000015258789,13445400.0,115.88335418701172
2016-11-16,125.69999694824219,123.27999877929688,123.5999984741211,125.33000183105469,9793400.0,116.74967956542969
2016-11-17,129.13999938964844,125.69999694824219,125.87000274658203,128.92999267578125,6801200.0,120.10321044921875
2016-11-18,129.36000061035156,127.72000122070312,128.92999267578125,128.3300018310547,4428900.0,119.54429626464844
2016-11-21,128.89999389648438,127.41000366210938,128.27999877929688,128.22000122070312,4072100.0,119.44183349609375
2016-11-22,131.3000030517578,128.3800048828125,128.3800048828125,130.97999572753906,5535800.0,122.01285552978516
2016-11-23,131.99000549316406,130.86000061035156,131.36000061035156,131.2100067138672,3582700.0,122.22713470458984
2016-11-25,132.13999938964844,131.07000732421875,131.86000061035156,131.57000732421875,2545800.0,122.56249237060547
2016-11-28,131.64999389648438,130.1699981689453,131.25,130.63999938964844,4859000.0,121.6961669921875
2016-11-29,130.77999877929688,129.25,130.35000610351562,129.6199951171875,4127100.0,121.3871078491211
2016-11-30,130.32000732421875,128.80999755859375,129.33999633789062,129.39999389648438,6973800.0,121.18109893798828
2016-12-01,130.35000610351562,129.0,129.33999633789062,129.47000122070312,5398700.0,121.24664306640625
2016-12-02,130.6199951171875,128.91000366210938,129.0399932861328,129.8699951171875,3738300.0,121.62123107910156
2016-12-05,130.4600067138672,129.55999755859375,130.32000732421875,129.67999267578125,4065400.0,121.44331359863281
2016-12-06,130.13999938964844,128.67999267578125,130.1300048828125,128.74000549316406,4292600.0,120.56300354003906
2016-12-07,133.05999755859375,128.75,128.75,132.4600067138672,6987300.0,124.0467300415039
2016-12-08,133.1300048828125,131.5800018310547,132.2100067138672,132.52999877929688,4975400.0,124.11229705810547
2016-12-09,133.39999389648438,131.10000610351562,132.50999450683594,133.38999938964844,5174600.0,124.91767883300781
2016-12-12,134.66000366210938,133.1300048828125,133.1300048828125,134.5800018310547,6276500.0,126.03207397460938
2016-12-13,136.88999938964844,134.5500030517578,134.5500030517578,136.5399932861328,6886300.0,127.86759185791016
2016-12-14,136.8800048828125,135.75,136.0500030517578,135.97999572753906,7036300.0,127.34314727783203
2016-12-15,137.32000732421875,135.77000427246094,136.50999450683594,135.83999633789062,5839800.0,127.21204376220703
2016-12-16,136.61000061035156,135.0500030517578,136.11000061035156,135.11000061035156,9429300.0,126.5284194946289
2016-12-19,136.5,134.7899932861328,135.05999755859375,135.44000244140625,3463600.0,126.83743286132812
2016-12-20,137.24000549316406,135.42999267578125,135.64999389648438,137.11000061035156,4301500.0,128.4013671875
2016-12-21,137.24000549316406,136.55999755859375,136.92999267578125,136.8300018310547,2704700.0,128.13919067382812
2016-12-22,137.0,135.17999267578125,136.25,135.42999267578125,4094800.0,126.82806396484375
2016-12-23,135.99000549316406,134.7899932861328,135.64999389648438,135.0500030517578,2337300.0,126.47223663330078
2016-12-27,135.72000122070312,134.7100067138672,134.75999450683594,135.25999450683594,2254900.0,126.66889953613281
2016-12-28,135.86000061035156,134.66000366210938,135.57000732421875,135.07000732421875,3369400.0,126.49095916748047
2016-12-29,135.85000610351562,134.6300048828125,135.02000427246094,135.10000610351562,2777900.0,126.51904296875
2016-12-30,135.82000732421875,133.8300018310547,135.63999938964844,134.0800018310547,4149100.0,125.56385040283203
2017-01-03,135.50999450683594,133.58999633789062,135.10000610351562,134.30999755859375,5299700.0,125.77921295166016
2017-01-04,135.94000244140625,134.2100067138672,134.33999633789062,135.5,4055300.0,126.89364624023438
2017-01-05,135.4600067138672,133.77999877929688,134.97999572753906,133.89999389648438,3821100.0,125.39524841308594
2017-01-06,134.3300018310547,133.0500030517578,133.97000122070312,133.52999877929688,3827500.0,125.04877471923828
2017-01-09,134.75999450683594,133.13999938964844,133.22000122070312,134.30999755859375,4310200.0,125.77921295166016
2017-01-10,136.3800048828125,133.77000427246094,134.0,136.10000610351562,5928300.0,127.45553588867188
2017-01-11,136.38999938964844,134.74000549316406,136.10000610351562,135.6999969482422,4643700.0,127.08094024658203
2017-01-12,135.52999877929688,133.94000244140625,135.50999450683594,135.07000732421875,3600000.0,126.49095916748047
2017-01-13,135.75,134.75999450683594,134.9199981689453,135.0399932861328,3117600.0,126.46286010742188
2017-01-17,136.47999572753906,134.75999450683594,135.08999633789062,135.92999267578125,3976900.0,127.29631805419922
2017-01-18,136.2899932861328,134.9199981689453,135.89999389648438,136.16000366210938,3869700.0,127.51172637939453
2017-01-19,136.77999877929688,134.92999267578125,136.0,135.38999938964844,5078700.0,126.7906265258789
2017-01-20,136.0,134.60000610351562,135.25999450683594,135.60000610351562,4853900.0,126.98729705810547
2017-01-23,138.27000427246094,135.0,135.30999755859375,138.07000732421875,7056200.0,129.3004150390625
2017-01-24,138.3800048828125,137.3000030517578,137.8800048828125,138.05999755859375,4055100.0,129.29103088378906
2017-01-25,139.3699951171875,137.42999267578125,138.4499969482422,137.47999572753906,3631700.0,128.74789428710938
2017-01-26,139.17999267578125,137.7100067138672,138.00999450683594,138.4600067138672,2931200.0,129.6656494140625
2017-01-27,138.8300018310547,137.6999969482422,138.8000030517578,138.3300018310547,3149500.0,129.54391479492188
2017-01-30,138.49000549316406,136.86000061035156,137.99000549316406,138.47000122070312,2705000.0,129.67501831054688
2017-01-31,138.6199951171875,136.85000610351562,137.6300048828125,137.5800018310547,3227000.0,128.84153747558594
2017-02-01,137.9600067138672,136.52999877929688,137.66000366210938,137.44000244140625,2968800.0,128.7104034423828
2017-02-02,137.5500030517578,136.55999755859375,137.47000122070312,136.9499969482422,2197600.0,128.25155639648438
2017-02-03,138.47000122070312,136.97000122070312,137.25999450683594,137.97999572753906,2654700.0,129.2161407470703
2017-02-06,137.89999389648438,136.4499969482422,137.42999267578125,136.49000549316406,3864100.0,127.82075500488281
2017-02-07,137.6999969482422,136.3300018310547,137.16000366210938,136.64999389648438,3242000.0,127.97057342529297
2017-02-08,137.91000366210938,136.82000732421875,136.88999938964844,137.8800048828125,2882700.0,129.1224822998047
2017-02-09,139.14999389648438,137.41000366210938,137.8800048828125,138.7100067138672,2931900.0,129.89974975585938
2017-02-10,140.57000732421875,138.25,138.60000610351562,139.85000610351562,3297000.0,130.9673614501953
2017-02-13,140.64999389648438,139.0500030517578,140.47999572753906,139.8699951171875,2753000.0,130.986083984375
2017-02-14,141.3699951171875,139.33999633789062,139.9499969482422,141.36000061035156,4775800.0,132.38143920898438
2017-02-15,142.66000366210938,140.9499969482422,141.27000427246094,142.19000244140625,4343500.0,133.1587371826172
2017-02-16,142.99000549316406,140.89999389648438,142.38999938964844,141.5399932861328,4295800.0,132.5500030517578
2017-02-17,143.1199951171875,141.0,141.36000061035156,143.0,5108400.0,133.91729736328125
2017-02-21,145.64999389648438,143.25,145.60000610351562,145.02000427246094,9275900.0,135.80897521972656
2017-02-22,145.47000122070312,143.97000122070312,145.0500030517578,145.25,5037800.0,136.02435302734375
2017-02-23,146.3300018310547,144.50999450683594,146.11000061035156,144.7100067138672,4184000.0,135.5186767578125
2017-02-24,146.0800018310547,144.64999389648438,144.64999389648438,145.9499969482422,3516900.0,136.6798858642578
2017-02-27,146.00999450683594,144.8000030517578,145.8699951171875,145.3000030517578,4388400.0,136.0712127685547
2017-02-28,145.6300048828125,144.47000122070312,144.97999572753906,144.91000366210938,4211900.0,135.70596313476562
2017-03-01,147.6999969482422,145.88999938964844,146.72000122070312,146.67999267578125,6213500.0,137.36351013183594
2017-03-02,148.22999572753906,146.38999938964844,147.0800018310547,147.9499969482422,4053400.0,138.55287170410156
2017-03-03,148.25999450683594,146.82000732421875,147.9499969482422,147.80999755859375,3412300.0,138.42178344726562
2017-03-06,147.50999450683594,146.5800018310547,147.1300048828125,147.1300048828125,3998000.0,137.7849578857422
2017-03-07,146.9499969482422,145.8300018310547,146.3300018310547,146.02000427246094,3996300.0,137.5776824951172
2017-03-08,147.1199951171875,145.9199981689453,146.22000122070312,146.9199981689453,3614500.0,138.4256591796875
2017-03-09,147.16000366210938,146.52999877929688,147.0800018310547,146.6199951171875,3594000.0,138.14297485351562
2017-03-10,147.4600067138672,146.4499969482422,147.24000549316406,146.85000610351562,3123200.0,138.35971069335938
2017-03-13,147.6699981689453,146.5,147.3300018310547,147.42999267578125,2933300.0,138.9061279296875
2017-03-14,147.58999633789062,146.4600067138672,147.27000427246094,147.16000366210938,3272500.0,138.6517791748047
2017-03-15,148.3800048828125,146.75999450683594,147.35000610351562,147.9499969482422,3670500.0,139.39608764648438
2017-03-16,149.19000244140625,148.00999450683594,148.39999389648438,148.72999572753906,3544500.0,140.13099670410156
2017-03-17,149.99000549316406,148.1300048828125,149.39999389648438,149.60000610351562,9002000.0,140.95071411132812
2017-03-20,149.58999633789062,147.6999969482422,149.3800048828125,147.8000030517578,5906100.0,139.2547607421875
2017-03-21,148.6999969482422,146.25999450683594,148.3300018310547,146.61000061035156,4530000.0,138.1335906982422
2017-03-22,147.92999267578125,146.05999755859375,146.72999572753906,147.36000061035156,3169000.0,138.8402099609375
2017-03-23,148.41000366210938,147.02999877929688,147.27999877929688,147.99000549316406,3219400.0,139.43377685546875
2017-03-24,150.14999389648438,147.00999450683594,147.85000610351562,147.7100067138672,4735400.0,139.16998291015625
2017-03-27,147.67999267578125,146.25999450683594,147.07000732421875,146.8699951171875,2943000.0,138.3785400390625
2017-03-28,147.35000610351562,145.94000244140625,147.2899932861328,147.1999969482422,4635600.0,138.689453125
2017-03-29,147.4199981689453,145.9600067138672,146.3699951171875,147.0399932861328,3730000.0,138.5386962890625
2017-03-30,147.3800048828125,146.42999267578125,146.72000122070312,146.9499969482422,2450800.0,138.4539031982422
2017-03-31,147.17999267578125,146.64999389648438,146.8699951171875,146.8300018310547,3248700.0,138.34085083007812
2017-04-03,147.1999969482422,146.08999633789062,146.94000244140625,146.6199951171875,3775300.0,138.14297485351562
2017-04-04,146.89999389648438,146.0500030517578,146.5,146.33999633789062,3124200.0,137.879150390625
2017-04-05,148.44000244140625,146.5800018310547,146.6300048828125,146.63999938964844,3390400.0,138.16183471679688
2017-04-06,147.9600067138672,147.0,147.0399932861328,147.24000549316406,2699100.0,138.72715759277344
2017-04-07,147.8000030517578,146.89999389648438,147.10000610351562,147.1300048828125,2869100.0,138.62350463867188
2017-04-10,149.0,146.75,146.9600067138672,148.2100067138672,5044500.0,139.64105224609375
2017-04-11,148.64999389648438,147.10000610351562,147.91000366210938,148.1999969482422,2844800.0,139.63162231445312
2017-04-12,147.57000732421875,146.3699951171875,147.4199981689453,146.5399932861328,4445600.0,138.06761169433594
2017-04-13,147.00999450683594,145.8699951171875,146.4199981689453,145.91000366210938,2346900.0,137.4740447998047
2017-04-17,147.30999755859375,145.75999450683594,145.89999389648438,147.30999755859375,3467700.0,138.79312133789062
2017-04-18,148.17999267578125,146.77000427246094,147.05999755859375,147.75999450683594,2969400.0,139.2170867919922
2017-04-19,148.39999389648438,147.02000427246094,147.92999267578125,147.22000122070312,3461000.0,138.7082977294922
2017-04-20,149.0500030517578,147.44000244140625,147.66000366210938,148.72000122070312,3700500.0,140.12158203125
2017-04-21,150.14999389648438,148.39999389648438,148.49000549316406,150.0,5019900.0,141.3275604248047
2017-04-24,152.05999755859375,150.85000610351562,151.0800018310547,151.88999938964844,5077200.0,143.1083221435547
2017-04-25,154.64999389648438,152.7899932861328,152.7899932861328,153.02999877929688,5496500.0,144.18240356445312
2017-04-26,154.80999755859375,152.39999389648438,153.11000061035156,154.22000122070312,5120200.0,145.3035888671875
2017-04-27,156.27000427246094,153.88999938964844,154.69000244140625,156.1199951171875,5881400.0,147.09375
2017-04-28,156.25,154.10000610351562,156.00999450683594,156.10000610351562,4983000.0,147.0748748779297
2017-05-01,156.27000427246094,154.2100067138672,156.22000122070312,154.2100067138672,3152900.0,145.29420471191406
2017-05-02,155.16000366210938,153.75999450683594,154.49000549316406,154.9499969482422,3295100.0,145.9913787841797
2017-05-03,155.38999938964844,154.58999633789062,155.16000366210938,155.0,2445500.0,146.0384979248047
2017-05-04,155.63999938964844,154.25999450683594,155.4600067138672,154.86000061035156,3793100.0,145.90660095214844
2017-05-05,155.75,154.08999633789062,155.33999633789062,155.72999572753906,2500600.0,146.7262725830078
2017-05-08,157.16000366210938,155.49000549316406,155.85000610351562,156.88999938964844,3184600.0,147.81922912597656
2017-05-09,157.74000549316406,156.2899932861328,157.0399932861328,157.67999267578125,3004400.0,148.56353759765625
2017-05-10,158.14999389648438,157.3000030517578,157.52000427246094,158.1300048828125,2617600.0,148.98751831054688
2017-05-11,157.6999969482422,155.3300018310547,157.35000610351562,156.1999969482422,3929100.0,147.1691131591797
2017-05-12,157.1999969482422,155.75,156.38999938964844,156.9199981689453,2926400.0,147.84747314453125
2017-05-15,157.83999633789062,156.66000366210938,157.27999877929688,157.3300018310547,6068900.0,148.23377990722656
2017-05-16,160.86000061035156,158.0500030517578,160.11000061035156,158.25999450683594,10120900.0,149.11001586914062
2017-05-17,158.25999450683594,155.88999938964844,158.25999450683594,156.08999633789062,5937000.0,147.0654754638672
2017-05-18,156.6699981689453,155.24000549316406,155.47999572753906,155.6999969482422,4858600.0,146.69801330566406
2017-05-19,156.74000549316406,155.32000732421875,156.0399932861328,156.3000030517578,4781800.0,147.26332092285156
2017-05-22,157.0,155.8000030517578,156.49000549316406,155.9600067138672,3802100.0,146.9429931640625
2017-05-23,156.42999267578125,154.67999267578125,155.91000366210938,154.8300018310547,4640900.0,145.87832641601562
2017-05-24,155.42999267578125,153.2899932861328,154.6999969482422,155.0,4558700.0,146.0384979248047
2017-05-25,156.69000244140625,155.35000610351562,156.1999969482422,156.4600067138672,3110800.0,147.41409301757812
2017-05-26,156.4199981689453,154.63999938964844,156.10000610351562,154.89999389648438,4284700.0,145.94427490234375
2017-05-30,154.55999755859375,153.52000427246094,154.0,153.8800048828125,3504300.0,145.82107543945312
2017-05-31,154.3800048828125,153.27999877929688,154.36000061035156,153.50999450683594,7158400.0,145.47044372558594
2017-06-01,155.16000366210938,152.74000549316406,153.52000427246094,155.14999389648438,3385100.0,147.02456665039062
2017-06-02,155.86000061035156,154.4199981689453,154.7899932861328,155.35000610351562,3485600.0,147.21409606933594
2017-06-05,155.6199951171875,154.22999572753906,155.52999877929688,154.7899932861328,2651800.0,146.68341064453125
2017-06-06,154.66000366210938,153.64999389648438,154.44000244140625,154.1999969482422,3260300.0,146.1243133544922
2017-06-07,155.3000030517578,154.35000610351562,154.69000244140625,154.9600067138672,3159000.0,146.84451293945312
2017-06-08,155.22999572753906,153.3800048828125,154.9600067138672,153.5,4041600.0,145.46096801757812
2017-06-09,154.0,152.77999877929688,154.0,152.9600067138672,4705300.0,144.9492645263672
2017-06-12,153.3000030517578,151.72999572753906,152.8000030517578,152.17999267578125,4473900.0,144.21011352539062
2017-06-13,154.0399932861328,152.05999755859375,152.30999755859375,153.99000549316406,3753800.0,145.92532348632812
2017-06-14,157.27999877929688,153.9600067138672,154.5,156.75999450683594,5999400.0,148.5502471923828
2017-06-15,157.27000427246094,154.9199981689453,156.1300048828125,156.77000427246094,3972300.0,148.55970764160156
2017-06-16,156.69000244140625,155.41000366210938,156.25,156.63999938964844,9105400.0,148.43653869628906
2017-06-19,159.02999877929688,156.38999938964844,156.91000366210938,158.80999755859375,5196100.0,150.4928741455078
2017-06-20,159.22000122070312,157.60000610351562,158.72999572753906,157.6699981689453,4201200.0,149.41259765625
2017-06-21,158.52999877929688,156.42999267578125,157.91000366210938,156.58999633789062,4071300.0,148.38912963867188
2017-06-22,157.07000732421875,155.47000122070312,156.44000244140625,155.47999572753906,3347400.0,147.3372802734375
2017-06-23,155.22999572753906,150.91000366210938,155.16000366210938,151.30999755859375,11422200.0,143.38568115234375
2017-06-26,151.97000122070312,151.1300048828125,151.6699981689453,151.4199981689453,4128500.0,143.4899139404297
2017-06-27,153.25,150.75,151.05999755859375,152.24000549316406,4567100.0,144.2669677734375
2017-06-28,153.4499969482422,152.36000061035156,152.75,153.22999572753906,5087000.0,145.20513916015625
2017-06-29,153.0,151.52000427246094,152.77000427246094,152.16000366210938,2855400.0,144.19117736816406
2017-06-30,154.0,152.27000427246094,152.50999450683594,153.39999389648438,3640900.0,145.36622619628906
2017-07-03,154.7899932861328,153.7100067138672,154.38999938964844,154.00999450683594,1658500.0,145.94427490234375
2017-07-05,154.2899932861328,151.4600067138672,154.00999450683594,152.69000244140625,4432500.0,144.69342041015625
2017-07-06,152.47999572753906,151.22000122070312,151.77000427246094,152.0500030517578,3408500.0,144.08692932128906
2017-07-07,152.8699951171875,151.89999389648438,152.0399932861328,152.22999572753906,3775400.0,144.2574920654297
2017-07-10,152.25999450683594,151.0,152.22000122070312,151.17999267578125,5081100.0,143.26248168945312
2017-07-11,151.80999755859375,150.5,151.4499969482422,150.60000610351562,5642000.0,142.71287536621094
2017-07-12,153.13999938964844,151.08999633789062,151.4600067138672,152.58999633789062,4275900.0,144.5986328125
2017-07-13,154.1300048828125,152.60000610351562,152.82000732421875,153.2899932861328,3288000.0,145.2620086669922
2017-07-14,153.6699981689453,151.82000732421875,153.22000122070312,152.8800048828125,3588400.0,144.87344360351562
2017-07-17,154.5,152.72000122070312,152.89999389648438,153.88999938964844,4166600.0,145.83056640625
2017-07-18,153.86000061035156,151.97999572753906,153.75,152.1699981689453,3783600.0,144.20065307617188
2017-07-19,154.0,152.5500030517578,152.5500030517578,153.3000030517578,2808400.0,145.27146911621094
2017-07-20,152.57000732421875,145.61000061035156,152.55999755859375,147.02999877929688,18264100.0,139.32981872558594
2017-07-21,147.4600067138672,146.1300048828125,147.02999877929688,146.64999389648438,9120200.0,138.9697265625
2017-07-24,146.69000244140625,144.25,146.61000061035156,144.5800018310547,7295900.0,137.0081329345703
2017-07-25,147.39999389648438,145.27999877929688,145.74000549316406,146.97000122070312,5002400.0,139.27297973632812
2017-07-26,147.25,145.9600067138672,146.86000061035156,146.69000244140625,2836000.0,139.00762939453125
2017-07-27,147.86000061035156,145.88999938964844,146.17999267578125,147.72999572753906,5399000.0,139.9931640625
2017-07-28,148.27000427246094,147.32000732421875,147.89999389648438,148.0800018310547,3421100.0,140.32484436035156
2017-07-31,149.97999572753906,147.5399932861328,148.0,149.60000610351562,5253300.0,141.76524353027344
2017-08-01,150.38999938964844,148.9499969482422,150.24000549316406,149.85000610351562,4110600.0,142.00213623046875
2017-08-02,150.86000061035156,149.9199981689453,149.94000244140625,150.5,3754200.0,142.6180877685547
2017-08-03,152.02999877929688,150.5,150.6999969482422,150.7899932861328,5146600.0,142.8928985595703
2017-08-04,152.75,150.8000030517578,151.00999450683594,152.75,3258600.0,144.75025939941406
2017-08-07,154.47000122070312,152.47000122070312,152.8300018310547,153.35000610351562,3833600.0,145.31883239746094
2017-08-08,154.1999969482422,153.0800018310547,153.32000732421875,153.35000610351562,3218900.0,145.31883239746094
2017-08-09,155.57000732421875,153.32000732421875,153.35000610351562,155.25999450683594,3844900.0,147.12881469726562
2017-08-10,155.97999572753906,153.8800048828125,155.19000244140625,153.8800048828125,4433700.0,145.82107543945312
2017-08-11,155.72000122070312,153.97999572753906,154.11000061035156,154.8800048828125,3650500.0,146.7687530517578
2017-08-14,156.0500030517578,153.55999755859375,156.0399932861328,154.25999450683594,6662500.0,146.18118286132812
2017-08-15,154.8000030517578,148.25999450683594,154.27999877929688,150.1699981689453,13528700.0,142.3053741455078
2017-08-16,152.9499969482422,151.16000366210938,151.4499969482422,152.25,6043900.0,144.27645874023438
2017-08-17,152.14999389648438,149.61000061035156,151.80999755859375,149.6699981689453,4460900.0,141.83155822753906
2017-08-18,149.61000061035156,146.9600067138672,149.61000061035156,147.49000549316406,6989100.0,139.76571655273438
2017-08-21,149.8800048828125,146.88999938964844,147.10000610351562,149.1999969482422,4222500.0,141.3861846923828
2017-08-22,150.5800018310547,149.2899932861328,149.2899932861328,149.91000366210938,3268100.0,142.05902099609375
2017-08-23,149.47999572753906,147.42999267578125,148.5800018310547,149.10000610351562,5235400.0,141.29144287109375
2017-08-24,150.60000610351562,147.97999572753906,149.72999572753906,148.25,3736000.0,140.48594665527344
2017-08-25,150.52999877929688,148.39999389648438,148.50999450683594,149.64999389648438,3048000.0,141.81259155273438
2017-08-28,152.38999938964844,150.42999267578125,151.94000244140625,151.38999938964844,6845400.0,143.4614715576172
2017-08-29,150.89999389648438,149.02999877929688,150.07000732421875,149.83999633789062,5368700.0,142.8323516845703
2017-08-30,150.25,149.27999877929688,150.0,150.0,3641000.0,142.98484802246094
2017-08-31,150.92999267578125,149.85000610351562,150.61000061035156,149.8699951171875,6083300.0,142.8609619140625
2017-09-01,150.94000244140625,149.75999450683594,150.25999450683594,150.77999877929688,3383000.0,143.7283935546875
2017-09-05,153.9199981689453,151.6999969482422,151.7100067138672,152.92999267578125,7488800.0,145.77781677246094
2017-09-06,157.02999877929688,154.14999389648438,154.86000061035156,156.55999755859375,8126000.0,149.2380828857422
2017-09-07,159.27999877929688,156.7899932861328,158.1699981689453,157.92999267578125,8273100.0,150.54400634765625
2017-09-08,160.69000244140625,157.52000427246094,159.08999633789062,159.66000366210938,10088600.0,152.193115234375
2017-09-11,158.74000549316406,156.22000122070312,158.4199981689453,158.3699951171875,8847900.0,150.96343994140625
2017-09-12,160.92999267578125,158.7100067138672,159.05999755859375,159.91000366210938,5794600.0,152.43142700195312
2017-09-13,161.3800048828125,159.5500030517578,160.38999938964844,160.02000427246094,4713700.0,152.53627014160156
2017-09-14,160.85000610351562,159.3300018310547,160.35000610351562,159.3800048828125,5290800.0,151.92620849609375
2017-09-15,159.99000549316406,158.2899932861328,159.97999572753906,158.39999389648438,9124200.0,150.99205017089844
2017-09-18,159.0,157.69000244140625,159.0,157.80999755859375,4010600.0,150.42962646484375
2017-09-19,158.32000732421875,157.16000366210938,157.8000030517578,157.66000366210938,3713400.0,150.28663635253906
2017-09-20,159.38999938964844,157.36000061035156,157.57000732421875,158.67999267578125,4599200.0,151.25894165039062
2017-09-21,159.55999755859375,158.72000122070312,158.8699951171875,159.19000244140625,3082100.0,151.74508666992188
2017-09-22,160.08999633789062,159.00999450683594,159.13999938964844,159.97000122070312,3576500.0,152.48861694335938
2017-09-25,161.42999267578125,159.75,160.0500030517578,161.10000610351562,4897700.0,153.5657501220703
2017-09-26,162.0,160.7899932861328,161.5500030517578,161.25999450683594,3222600.0,153.71829223632812
2017-09-27,161.69000244140625,160.13999938964844,161.3800048828125,160.9199981689453,3966200.0,153.3941650390625
2017-09-28,162.4499969482422,160.66000366210938,160.72000122070312,162.36000061035156,4614100.0,154.76681518554688
2017-09-29,163.61000061035156,162.14999389648438,162.5,163.55999755859375,3467400.0,155.91070556640625
2017-10-02,164.25,163.22000122070312,164.1999969482422,164.02000427246094,2721400.0,156.3491973876953
2017-10-03,165.27999877929688,164.0,164.05999755859375,165.1699981689453,3046400.0,157.44541931152344
2017-10-04,166.0800018310547,164.91000366210938,165.49000549316406,165.2899932861328,2746500.0,157.55979919433594
2017-10-05,166.25,164.25999450683594,165.07000732421875,166.1199951171875,3504900.0,158.35098266601562
2017-10-06,166.6300048828125,165.74000549316406,166.17999267578125,165.85000610351562,2916300.0,158.09361267089844
2017-10-09,166.6300048828125,165.4199981689453,166.13999938964844,165.7100067138672,2131800.0,157.96017456054688
2017-10-10,165.8000030517578,164.63999938964844,165.6999969482422,165.16000366210938,2755400.0,157.4358673095703
2017-10-11,165.8699951171875,164.4499969482422,165.19000244140625,165.25,2319300.0,157.52166748046875
2017-10-12,165.41000366210938,164.47000122070312,165.41000366210938,164.58999633789062,3397800.0,156.8925323486328
2017-10-13,166.07000732421875,164.35000610351562,164.9199981689453,164.47000122070312,3259000.0,156.77816772460938
2017-10-16,164.6699981689453,163.25999450683594,164.47000122070312,164.22000122070312,2586700.0,156.5398406982422
2017-10-17,164.9199981689453,161.50999450683594,164.22000122070312,163.35000610351562,4189200.0,155.71054077148438
2017-10-18,164.24000549316406,163.35000610351562,163.4199981689453,163.4499969482422,2757900.0,155.80584716796875
2017-10-19,164.11000061035156,162.77000427246094,163.5,163.24000549316406,2676100.0,155.60568237304688
2017-10-20,164.14999389648438,162.74000549316406,163.97000122070312,163.42999267578125,4166500.0,155.78677368164062
2017-10-23,166.27000427246094,163.75,164.0399932861328,164.74000549316406,3995100.0,157.0355224609375
2017-10-24,166.4600067138672,164.64999389648438,164.6699981689453,166.02999877929688,3686700.0,158.2651824951172
2017-10-25,166.9499969482422,165.3800048828125,166.11000061035156,166.07000732421875,4189400.0,158.3033447265625
2017-10-26,167.94000244140625,166.11000061035156,166.38999938964844,167.64999389648438,3750500.0,159.80943298339844
2017-10-27,167.75,166.4600067138672,166.8000030517578,167.33999633789062,3720400.0,159.51390075683594
2017-10-30,166.99000549316406,164.8800048828125,166.99000549316406,165.30999755859375,3906300.0,157.57887268066406
2017-10-31,166.33999633789062,165.10000610351562,165.39999389648438,165.77999877929688,2922400.0,158.02688598632812
2017-11-01,166.74000549316406,165.1199951171875,166.4199981689453,165.3800048828125,3568300.0,157.64559936523438
2017-11-02,165.00999450683594,160.52999877929688,165.00999450683594,162.7100067138672,6518900.0,155.10044860839844
2017-11-03,164.99000549316406,162.67999267578125,163.00999450683594,164.38999938964844,3080900.0,156.701904296875
2017-11-06,164.8800048828125,163.00999450683594,164.8000030517578,164.22000122070312,3275500.0,156.5398406982422
2017-11-07,164.39999389648438,162.8300018310547,164.08999633789062,163.66000366210938,3198100.0,156.0060272216797
2017-11-08,164.67999267578125,163.27000427246094,163.33999633789062,164.0500030517578,2912900.0,156.37777709960938
2017-11-09,164.13999938964844,162.27999877929688,164.10000610351562,163.27000427246094,3405200.0,155.63427734375
2017-11-10,164.5800018310547,162.92999267578125,163.33999633789062,164.11000061035156,3554900.0,156.43496704101562
2017-11-13,166.63999938964844,164.25,164.63999938964844,165.35000610351562,7189300.0,157.6169891357422
2017-11-14,168.13999938964844,163.14999389648438,163.6199951171875,168.05999755859375,10284000.0,160.2002410888672
2017-11-15,167.44000244140625,165.35000610351562,167.44000244140625,165.47000122070312,5534500.0,157.73138427734375
2017-11-16,167.75999450683594,166.05999755859375,166.67999267578125,167.5,4587900.0,159.6664581298828
2017-11-17,168.42999267578125,166.05999755859375,167.0,167.74000549316406,4530100.0,159.89523315429688
2017-11-20,170.69000244140625,167.8000030517578,168.13999938964844,170.4499969482422,4699900.0,162.4784698486328
2017-11-21,172.86000061035156,170.14999389648438,170.52999877929688,172.86000061035156,6229000.0,164.77577209472656
2017-11-22,172.94000244140625,172.0399932861328,172.88999938964844,172.05999755859375,4133500.0,164.01319885253906
2017-11-24,173.10000610351562,171.74000549316406,172.11000061035156,172.3300018310547,1853600.0,164.2705535888672
2017-11-27,174.91000366210938,172.3800048828125,172.8699951171875,174.16000366210938,4539100.0,166.01498413085938
2017-11-28,176.77000427246094,172.99000549316406,174.88999938964844,176.57000732421875,6049000.0,168.31227111816406
2017-11-29,178.42999267578125,175.67999267578125,176.57000732421875,177.25,4902200.0,169.81640625
2017-11-30,180.6699981689453,177.41000366210938,178.07000732421875,179.82000732421875,9180700.0,172.2786407470703
2017-12-01,180.60000610351562,176.6999969482422,180.32000732421875,180.4199981689453,4683400.0,172.85345458984375
2017-12-04,186.30999755859375,183.19000244140625,183.19000244140625,184.89999389648438,6193800.0,177.14559936523438
2017-12-05,184.91000366210938,182.25999450683594,182.72000122070312,182.85000610351562,6347600.0,175.1815643310547
2017-12-06,182.14999389648438,178.67999267578125,180.25,180.8000030517578,6892500.0,173.217529296875
2017-12-07,182.5800018310547,179.77000427246094,180.0500030517578,182.0,5484300.0,174.36720275878906
2017-12-08,183.89999389648438,182.16000366210938,182.5,183.41000366210938,5092100.0,175.7180633544922
2017-12-11,182.9600067138672,181.1199951171875,181.86000061035156,182.25,6038900.0,174.60670471191406
2017-12-12,183.2100067138672,181.66000366210938,182.75,181.8000030517578,5275500.0,174.1756134033203
2017-12-13,183.6699981689453,182.0,182.00999450683594,183.02999877929688,5177400.0,175.35398864746094
2017-12-14,184.0,182.05999755859375,183.58999633789062,182.1300048828125,3542500.0,174.4917755126953
2017-12-15,183.2100067138672,182.1300048828125,182.99000549316406,182.5800018310547,8202200.0,174.9228973388672
2017-12-18,185.47000122070312,183.5,183.5,184.72999572753906,5011900.0,176.9827117919922
2017-12-19,186.72000122070312,184.60000610351562,185.24000549316406,185.97999572753906,4576300.0,178.18028259277344
2017-12-20,187.89999389648438,186.0399932861328,187.0,187.30999755859375,5383700.0,179.4545135498047
2017-12-21,188.83999633789062,187.44000244140625,187.88999938964844,188.0800018310547,5859100.0,180.19223022460938
2017-12-22,188.4600067138672,187.27000427246094,188.4600067138672,188.1300048828125,3256600.0,180.2401123046875
2017-12-26,190.4199981689453,188.33999633789062,188.52999877929688,190.36000061035156,2969200.0,182.3765869140625
2017-12-27,191.49000549316406,190.00999450683594,190.60000610351562,190.19000244140625,5912600.0,182.21376037597656
2017-12-28,190.97999572753906,189.63999938964844,190.91000366210938,189.77999877929688,3175700.0,181.82090759277344
2017-12-29,190.74000549316406,189.52999877929688,190.74000549316406,189.52999877929688,4637800.0,181.5814208984375
2018-01-02,190.72000122070312,188.00999450683594,190.2100067138672,188.02999877929688,4684700.0,180.14431762695312
2018-01-03,189.36000061035156,187.82000732421875,188.0,189.00999450683594,4530500.0,181.0832061767578
2018-01-04,190.8699951171875,188.47000122070312,189.8699951171875,190.50999450683594,4047400.0,182.5203094482422
2018-01-05,192.5399932861328,190.50999450683594,190.92999267578125,192.5,4224800.0,184.42684936523438
2018-01-08,193.72000122070312,191.60000610351562,191.72000122070312,192.0399932861328,3508500.0,183.98614501953125
2018-01-09,193.47000122070312,191.63999938964844,192.6999969482422,193.10000610351562,3012300.0,185.00167846679688
2018-01-10,193.22000122070312,191.64999389648438,192.75999450683594,191.8000030517578,3119500.0,183.75619506835938
2018-01-11,194.72999572753906,191.39999389648438,191.67999267578125,194.67999267578125,3899200.0,186.51541137695312
2018-01-12,199.4199981689453,194.82000732421875,195.5,196.4199981689453,6748400.0,188.1824493408203
2018-01-16,198.9499969482422,195.6999969482422,197.86000061035156,196.30999755859375,5692700.0,188.0770721435547
2018-01-17,199.82000732421875,196.83999633789062,197.5,199.82000732421875,3996100.0,191.43988037109375
2018-01-18,200.24000549316406,197.66000366210938,199.77999877929688,198.3300018310547,4474600.0,190.01235961914062
2018-01-19,201.3300018310547,199.1300048828125,199.80999755859375,201.3300018310547,5809600.0,192.88653564453125
2018-01-22,204.47000122070312,201.50999450683594,201.60000610351562,204.4600067138672,4857700.0,195.88528442382812
2018-01-23,206.35000610351562,204.14999389648438,204.88999938964844,204.89999389648438,3621700.0,196.30682373046875
2018-01-24,207.10000610351562,204.5500030517578,205.1999969482422,206.22000122070312,4370700.0,197.57144165039062
2018-01-25,206.8300018310547,203.83999633789062,206.8000030517578,205.3699951171875,3537700.0,196.757080078125
2018-01-26,207.30999755859375,204.44000244140625,205.60000610351562,207.22999572753906,3778100.0,198.53909301757812
2018-01-29,207.61000061035156,204.7100067138672,207.22999572753906,204.9199981689453,3632900.0,196.32598876953125
2018-01-30,203.14999389648438,191.57000732421875,201.47000122070312,201.80999755859375,5979600.0,193.3463897705078
2018-01-31,205.0800018310547,200.22999572753906,203.22000122070312,200.89999389648438,4547300.0,192.4745635986328
2018-02-01,202.25,198.27999877929688,199.33999633789062,199.89999389648438,3553800.0,191.51651000976562
2018-02-02,199.3000030517578,193.44000244140625,199.25,193.97000122070312,6179000.0,185.835205078125
2018-02-05,194.3000030517578,180.3800048828125,190.07000732421875,183.11000061035156,10618500.0,175.4306640625
2018-02-06,191.9600067138672,175.4199981689453,178.6199951171875,191.0399932861328,11682700.0,183.02809143066406
2018-02-07,194.52000427246094,189.72000122070312,190.72999572753906,191.2899932861328,6016800.0,183.26759338378906
2018-02-08,191.13999938964844,180.92999267578125,191.13999938964844,181.22000122070312,7241800.0,173.6199188232422
2018-02-09,186.0,175.7899932861328,183.25,184.1199951171875,9059200.0,176.3982696533203
2018-02-12,187.00999450683594,183.41000366210938,186.5500030517578,184.05999755859375,6783700.0,176.3408203125
2018-02-13,183.99000549316406,180.88999938964844,183.22999572753906,183.72000122070312,4273800.0,176.0150604248047
2018-02-14,185.05999755859375,181.0500030517578,181.8800048828125,184.69000244140625,6767000.0,176.94439697265625
2018-02-15,187.19000244140625,183.25999450683594,186.74000549316406,185.27000427246094,5113300.0,177.5000762939453
2018-02-16,187.99000549316406,184.86000061035156,185.05999755859375,186.97000122070312,7619200.0,179.12875366210938
2018-02-20,191.44000244140625,186.30999755859375,189.89999389648438,186.7100067138672,8922100.0,178.87969970703125
2018-02-21,187.97999572753906,182.86000061035156,187.2100067138672,183.05999755859375,7527200.0,175.38275146484375
2018-02-22,186.22000122070312,182.91000366210938,183.72000122070312,185.47000122070312,5653900.0,177.69168090820312
2018-02-23,188.41000366210938,185.6199951171875,186.1999969482422,188.35000610351562,4315400.0,180.45089721679688
2018-02-26,189.7899932861328,187.86000061035156,189.1699981689453,188.4600067138672,4648000.0,180.55630493164062
2018-02-27,189.25,184.9600067138672,188.8699951171875,184.97999572753906,4618800.0,177.2222137451172
2018-02-28,186.64999389648438,182.27000427246094,184.41000366210938,182.27000427246094,6419900.0,174.62588500976562
2018-03-01,184.39999389648438,178.25,182.75,179.63999938964844,6123900.0,172.10617065429688
2018-03-02,179.19000244140625,176.33999633789062,177.72000122070312,178.4600067138672,5671000.0,170.9756622314453
2018-03-05,182.25999450683594,177.6999969482422,177.86000061035156,181.74000549316406,5748600.0,174.1181182861328
2018-03-06,183.0,179.50999450683594,182.75,181.63999938964844,5306800.0,174.02230834960938
2018-03-07,180.0,176.82000732421875,178.82000732421875,178.5800018310547,4799200.0,172.0663604736328
2018-03-08,179.97999572753906,176.72999572753906,179.44000244140625,177.94000244140625,4750700.0,171.44969177246094
2018-03-09,182.24000549316406,177.9199981689453,179.0,182.16000366210938,4477200.0,175.5157470703125
2018-03-12,183.05999755859375,179.5500030517578,182.42999267578125,179.7100067138672,4993300.0,173.15513610839844
2018-03-13,180.9499969482422,177.86000061035156,179.58999633789062,178.35000610351562,6128100.0,171.8447265625
2018-03-14,179.66000366210938,175.88999938964844,179.10000610351562,177.41000366210938,4531500.0,170.93902587890625
2018-03-15,179.86000061035156,176.72000122070312,177.69000244140625,178.07000732421875,3936700.0,171.574951171875
2018-03-16,180.39999389648438,177.97000122070312,178.42999267578125,178.9600067138672,8410900.0,172.43247985839844
2018-03-19,179.32000732421875,176.0,178.64999389648438,177.10000610351562,4744500.0,170.6403350830078
2018-03-20,178.88999938964844,177.16000366210938,177.63999938964844,178.16000366210938,4148300.0,171.66168212890625
2018-03-21,180.13999938964844,177.67999267578125,178.35000610351562,178.02000427246094,3494400.0,171.52676391601562
2018-03-22,178.55999755859375,175.0800018310547,177.4199981689453,175.2899932861328,5255100.0,168.89634704589844
2018-03-23,177.05999755859375,171.55999755859375,176.24000549316406,171.8000030517578,6021300.0,165.5336456298828
2018-03-26,176.8000030517578,173.52000427246094,174.11000061035156,176.3800048828125,7323600.0,169.94659423828125
2018-03-27,178.72999572753906,173.60000610351562,177.3800048828125,174.67999267578125,4713900.0,168.30859375
2018-03-28,177.52999877929688,173.9199981689453,175.24000549316406,174.75999450683594,4318600.0,168.38568115234375
2018-03-29,178.63999938964844,175.5,175.6999969482422,178.24000549316406,4423500.0,171.73875427246094
2018-04-02,177.69000244140625,170.4199981689453,177.14999389648438,172.89999389648438,7229300.0,166.59352111816406
2018-04-03,174.94000244140625,172.42999267578125,172.77999877929688,173.75999450683594,5283300.0,167.42214965820312
2018-04-04,177.83999633789062,170.4199981689453,170.8000030517578,177.44000244140625,4757300.0,170.96792602539062
2018-04-05,180.0399932861328,177.30999755859375,178.0,179.1300048828125,3799900.0,172.5963134765625
2018-04-06,178.52000427246094,173.35000610351562,177.97999572753906,174.4499969482422,5236900.0,168.0869903564453
2018-04-09,175.35000610351562,172.3699951171875,175.05999755859375,172.50999450683594,5079800.0,166.2177276611328
2018-04-10,174.19000244140625,172.24000549316406,174.02999877929688,173.49000549316406,4783000.0,167.16200256347656
2018-04-11,175.05999755859375,171.8000030517578,172.0,172.86000061035156,4228400.0,166.55499267578125
2018-04-12,174.24000549316406,172.89999389648438,173.30999755859375,173.36000061035156,3396700.0,167.03672790527344
2018-04-13,175.50999450683594,172.22999572753906,174.49000549316406,172.8000030517578,4311200.0,166.49716186523438
2018-04-16,175.60000610351562,173.32000732421875,174.22999572753906,174.42999267578125,3534200.0,168.0677032470703
2018-04-17,176.24000549316406,174.10000610351562,175.75999450683594,174.91000366210938,3106500.0,168.53021240234375
2018-04-18,180.25,174.99000549316406,175.0,179.85000610351562,5858900.0,173.2900390625
2018-04-19,179.6999969482422,175.77000427246094,179.5,177.0800018310547,5407300.0,170.6210479736328
2018-04-20,178.88999938964844,176.32000732421875,177.85000610351562,177.00999450683594,5008600.0,170.55360412597656
2018-04-23,178.3800048828125,176.1300048828125,177.6199951171875,177.66000366210938,2987700.0,171.17990112304688
2018-04-24,180.0,175.0500030517578,179.3000030517578,176.25999450683594,4435400.0,169.8309783935547
2018-04-25,178.07000732421875,174.5500030517578,176.0800018310547,177.38999938964844,5587300.0,170.9197540283203
2018-04-26,185.92999267578125,178.0800018310547,178.4600067138672,185.72000122070312,8782500.0,178.94590759277344
2018-04-27,187.0399932861328,183.8699951171875,185.49000549316406,186.4600067138672,4382400.0,179.65892028808594
2018-04-30,187.8000030517578,184.8000030517578,186.99000549316406,184.8000030517578,4173200.0,178.05946350097656
2018-05-01,184.72999572753906,181.39999389648438,184.72999572753906,184.6300048828125,3423900.0,177.89569091796875
2018-05-02,187.1199951171875,183.75,184.49000549316406,185.91000366210938,3866500.0,179.12896728515625
2018-05-03,184.89999389648438,181.1999969482422,184.8699951171875,183.19000244140625,4123900.0,176.5081787109375
2018-05-04,186.35000610351562,181.83999633789062,182.75,185.02999877929688,3896200.0,178.28106689453125
2018-05-07,185.5,182.6699981689453,185.39999389648438,183.55999755859375,3582300.0,176.8647003173828
2018-05-08,185.3000030517578,182.5,183.4499969482422,185.0399932861328,4168200.0,178.29071044921875
2018-05-09,186.5,183.57000732421875,185.02999877929688,186.36000061035156,3392300.0,179.56259155273438
2018-05-10,187.97000122070312,185.8800048828125,185.97000122070312,187.16000366210938,3850100.0,180.3333740234375
2018-05-11,190.8000030517578,187.35000610351562,187.6300048828125,190.30999755859375,5355100.0,183.3684844970703
2018-05-14,191.64999389648438,189.86000061035156,191.5,191.0800018310547,7035900.0,184.1103973388672
2018-05-15,189.69000244140625,186.10000610351562,189.5,187.97999572753906,10147000.0,181.1234893798828
2018-05-16,189.27999877929688,185.89999389648438,189.27999877929688,186.3800048828125,5044800.0,179.58184814453125
2018-05-17,187.17999267578125,184.8699951171875,186.25,185.3300018310547,4227700.0,178.5701446533203
2018-05-18,188.2100067138672,185.5500030517578,185.75,187.4199981689453,4697900.0,180.58389282226562
2018-05-21,190.6699981689453,188.0,188.1999969482422,189.7899932861328,4147800.0,182.86744689941406
2018-05-22,190.77999877929688,186.52000427246094,190.05999755859375,186.8699951171875,4585600.0,180.05397033691406
2018-05-23,187.32000732421875,184.97999572753906,187.10000610351562,186.6699981689453,7387400.0,179.86126708984375
2018-05-24,187.41000366210938,184.6699981689453,186.7899932861328,187.14999389648438,3941300.0,180.32374572753906
2018-05-25,187.8300018310547,186.0500030517578,186.7100067138672,186.85000610351562,2730400.0,180.03468322753906
2018-05-29,186.8300018310547,184.25,185.5500030517578,185.0,4725500.0,178.25216674804688
2018-05-30,187.8000030517578,184.00999450683594,184.8300018310547,187.08999633789062,3976000.0,181.27520751953125
2018-05-31,187.36000061035156,185.25,187.16000366210938,186.5500030517578,4839900.0,180.75198364257812
2018-06-01,188.8300018310547,186.52000427246094,187.2100067138672,187.35000610351562,3706200.0,181.52713012695312
2018-06-04,191.5399932861328,187.97000122070312,188.22000122070312,191.36000061035156,4103300.0,185.41249084472656
2018-06-05,192.3800048828125,189.6999969482422,190.44000244140625,191.94000244140625,4231300.0,185.97447204589844
2018-06-06,193.58999633789062,191.2100067138672,193.07000732421875,193.58999633789062,4134700.0,187.57318115234375
2018-06-07,197.1999969482422,193.8300018310547,193.8300018310547,196.1699981689453,4378700.0,190.072998046875
2018-06-08,198.5,195.00999450683594,195.8699951171875,198.3300018310547,4006200.0,192.16587829589844
2018-06-11,200.52000427246094,198.33999633789062,198.91000366210938,199.63999938964844,4243000.0,193.43516540527344
2018-06-12,201.33999633789062,199.50999450683594,199.83999633789062,201.30999755859375,4616700.0,195.05323791503906
2018-06-13,201.5800018310547,199.66000366210938,201.3000030517578,200.30999755859375,5128100.0,194.08433532714844
2018-06-14,201.0,198.16000366210938,200.25999450683594,199.6699981689453,4305900.0,193.46420288085938
2018-06-15,201.60000610351562,198.5,198.9499969482422,200.5399932861328,7820900.0,194.3071746826172
2018-06-18,200.91000366210938,198.11000061035156,198.94000244140625,200.69000244140625,3396300.0,194.4525146484375
2018-06-19,199.89999389648438,198.10000610351562,198.2100067138672,199.2100067138672,5501100.0,193.0185089111328
2018-06-20,200.1300048828125,198.1199951171875,200.0,199.0800018310547,3389600.0,192.89256286621094
2018-06-21,200.94000244140625,198.61000061035156,199.2100067138672,200.30999755859375,4695100.0,194.08433532714844
2018-06-22,201.1999969482422,197.1699981689453,200.7899932861328,197.41000366210938,6785800.0,191.2744598388672
2018-06-25,197.83999633789062,195.05999755859375,197.41000366210938,196.3800048828125,5127200.0,190.2764892578125
2018-06-26,197.3300018310547,195.60000610351562,196.5800018310547,196.36000061035156,3270600.0,190.25711059570312
2018-06-27,197.99000549316406,195.00999450683594,196.66000366210938,195.02000427246094,3771700.0,188.958740234375
2018-06-28,196.00999450683594,193.50999450683594,195.0,195.2100067138672,2994000.0,189.14285278320312
2018-06-29,198.8300018310547,194.99000549316406,195.86000061035156,195.10000610351562,4106600.0,189.0362548828125
2018-07-02,194.17999267578125,192.1199951171875,193.82000732421875,194.02000427246094,3822800.0,187.9898223876953
2018-07-03,195.7100067138672,193.41000366210938,194.44000244140625,193.6199951171875,1608400.0,187.6022491455078
2018-07-05,194.74000549316406,193.1300048828125,194.49000549316406,194.41000366210938,3040600.0,188.36769104003906
2018-07-06,195.35000610351562,192.9499969482422,194.5800018310547,194.47999572753906,2552400.0,188.43551635742188
2018-07-09,196.7100067138672,195.02999877929688,195.6999969482422,196.0800018310547,2575100.0,189.9857940673828
2018-07-10,197.75999450683594,196.3800048828125,196.55999755859375,197.61000061035156,2842400.0,191.46823120117188
2018-07-11,197.75999450683594,195.9499969482422,197.22000122070312,196.9499969482422,3309300.0,190.82876586914062
2018-07-12,198.47999572753906,197.0,198.1999969482422,197.9499969482422,2709200.0,191.79766845703125
2018-07-13,199.92999267578125,198.4600067138672,198.4600067138672,198.69000244140625,2308100.0,192.51467895507812
2018-07-16,199.22000122070312,197.88999938964844,199.13999938964844,198.8800048828125,2530500.0,192.69876098632812
2018-07-17,201.42999267578125,198.6300048828125,198.6300048828125,201.10000610351562,4662800.0,194.84976196289062
2018-07-18,201.9199981689453,200.19000244140625,201.02000427246094,200.97000122070312,3787800.0,194.72381591796875
2018-07-19,203.22999572753906,200.5500030517578,200.88999938964844,202.6300048828125,3691100.0,196.33221435546875
2018-07-20,203.75999450683594,201.82000732421875,202.0800018310547,202.4499969482422,3564100.0,196.15782165527344
2018-07-23,203.38999938964844,201.89999389648438,202.4600067138672,202.22999572753906,2264300.0,195.9446258544922
2018-07-24,204.25,201.35000610351562,203.52999877929688,201.99000549316406,5058100.0,195.71212768554688
2018-07-25,202.2899932861328,199.07000732421875,201.39999389648438,201.0,4382700.0,194.75286865234375
2018-07-26,202.1199951171875,198.91000366210938,201.52999877929688,199.39999389648438,4280000.0,193.20260620117188
2018-07-27,200.49000549316406,196.67999267578125,200.2100067138672,197.13999938964844,3871200.0,191.01284790039062
2018-07-30,197.57000732421875,196.39999389648438,196.52999877929688,197.27999877929688,2331100.0,191.14849853515625
2018-07-31,198.02999877929688,196.8699951171875,197.69000244140625,197.52000427246094,2795900.0,191.3810577392578
2018-08-01,197.74000549316406,195.60000610351562,196.86000061035156,196.3000030517578,3086800.0,190.19895935058594
2018-08-02,195.83999633789062,193.5500030517578,195.10000610351562,195.66000366210938,3543500.0,189.578857421875
2018-08-03,196.39999389648438,195.25,196.02999877929688,195.63999938964844,2309000.0,189.55946350097656
2018-08-06,196.05999755859375,195.11000061035156,195.6199951171875,195.69000244140625,2515700.0,189.60791015625
2018-08-07,197.1999969482422,195.63999938964844,196.35000610351562,197.0500030517578,3052500.0,190.92564392089844
2018-08-08,198.91000366210938,197.3000030517578,197.44000244140625,198.02000427246094,2176700.0,191.86550903320312
2018-08-09,199.74000549316406,198.0399932861328,199.0,198.0800018310547,2466000.0,191.9236297607422
2018-08-10,197.92999267578125,195.63999938964844,197.33999633789062,196.3000030517578,2873000.0,190.19895935058594
2018-08-13,197.58999633789062,194.0,196.3000030517578,194.13999938964844,5294400.0,188.10606384277344
2018-08-14,195.97999572753906,191.27000427246094,195.1699981689453,193.10000610351562,11488000.0,187.09841918945312
2018-08-15,194.17999267578125,191.08999633789062,191.75,193.99000549316406,6049300.0,187.96078491210938
2018-08-16,196.08999633789062,193.72000122070312,194.02000427246094,195.38999938964844,5690100.0,189.31723022460938
2018-08-17,195.97999572753906,194.82000732421875,195.60000610351562,195.55999755859375,3885800.0,189.48194885253906
2018-08-20,198.44000244140625,195.39999389648438,195.83999633789062,197.92999267578125,2956700.0,191.7782745361328
2018-08-21,200.74000549316406,198.41000366210938,198.8300018310547,200.22999572753906,4124600.0,194.00680541992188
2018-08-22,203.5500030517578,198.64999389648438,200.8000030517578,198.97000122070312,5007000.0,192.78598022460938
2018-08-23,201.41000366210938,199.13999938964844,199.38999938964844,200.16000366210938,3595000.0,193.93899536132812
2018-08-24,202.5,200.0,200.35000610351562,201.3000030517578,3054300.0,195.04356384277344
2018-08-27,202.9499969482422,201.19000244140625,202.8300018310547,201.97999572753906,2521300.0,195.70240783691406
2018-08-28,202.4199981689453,200.6300048828125,202.3000030517578,201.97000122070312,3516300.0,195.69273376464844
2018-08-29,201.99000549316406,200.7100067138672,201.11000061035156,201.67999267578125,2488000.0,196.4134063720703
2018-08-30,201.44000244140625,199.10000610351562,201.0,199.25999450683594,2825400.0,194.0565948486328
2018-08-31,200.91000366210938,199.2899932861328,199.3800048828125,200.77000427246094,4023300.0,195.5271759033203
2018-09-04,205.9199981689453,200.5,200.69000244140625,205.0800018310547,4612800.0,199.72463989257812
2018-09-05,206.6699981689453,203.14999389648438,204.8300018310547,204.14999389648438,3667100.0,198.81890869140625
2018-09-06,207.08999633789062,203.8000030517578,204.58999633789062,205.88999938964844,3490400.0,200.51345825195312
2018-09-07,207.22999572753906,205.42999267578125,205.4499969482422,206.22999572753906,3672700.0,200.84458923339844
2018-09-10,211.6199951171875,208.1300048828125,208.1300048828125,210.69000244140625,5586600.0,205.18812561035156
2018-09-11,214.66000366210938,211.5,213.0,213.85000610351562,5969500.0,208.26560974121094
2018-09-12,215.42999267578125,210.91000366210938,214.02999877929688,211.97999572753906,5660100.0,206.44442749023438
2018-09-13,211.44000244140625,208.6999969482422,211.44000244140625,209.4499969482422,4701100.0,203.98049926757812
2018-09-14,210.52999877929688,207.5500030517578,210.19000244140625,209.07000732421875,3622400.0,203.61044311523438
2018-09-17,210.0399932861328,208.25999450683594,209.0800018310547,208.39999389648438,3074700.0,202.95791625976562
2018-09-18,211.72999572753906,208.16000366210938,208.6300048828125,211.02000427246094,4338500.0,205.50950622558594
2018-09-19,212.6699981689453,210.66000366210938,212.0,211.67999267578125,2579100.0,206.1522674560547
2018-09-20,212.61000061035156,211.00999450683594,211.66000366210938,211.05999755859375,4020800.0,205.5484619140625
2018-09-21,212.66000366210938,210.50999450683594,211.3000030517578,212.38999938964844,9749200.0,206.84373474121094
2018-09-24,211.83999633789062,207.9600067138672,211.52000427246094,207.99000549316406,4623700.0,202.5586395263672
2018-09-25,209.3000030517578,206.8000030517578,208.83999633789062,207.4600067138672,4443300.0,202.04248046875
2018-09-26,209.13999938964844,207.22999572753906,208.5800018310547,207.52000427246094,2965800.0,202.10092163085938
2018-09-27,207.8300018310547,205.6699981689453,207.5,206.83999633789062,3218800.0,201.43865966796875
2018-09-28,208.85000610351562,206.35000610351562,206.44000244140625,207.14999389648438,3966100.0,201.74057006835938
2018-10-01,209.7899932861328,207.3699951171875,208.52000427246094,207.60000610351562,3670500.0,202.1788330078125
2018-10-02,208.0399932861328,204.6699981689453,207.49000549316406,204.75,4428000.0,199.40322875976562
2018-10-03,206.4600067138672,203.64999389648438,206.16000366210938,203.74000549316406,4162500.0,198.41961669921875
2018-10-04,203.75999450683594,198.27000427246094,203.64999389648438,198.85000610351562,5996200.0,193.65731811523438
2018-10-05,199.6999969482422,194.57000732421875,199.07000732421875,196.3800048828125,5016600.0,191.2518310546875
2018-10-08,198.66000366210938,195.05999755859375,196.24000549316406,198.41000366210938,3731800.0,193.2288055419922
2018-10-09,199.17999267578125,195.5800018310547,197.9499969482422,195.75,4466800.0,190.6382598876953
2018-10-10,199.24000549316406,193.35000610351562,199.11000061035156,193.6999969482422,6157900.0,188.6417999267578
2018-10-11,196.6699981689453,188.47000122070312,193.7100067138672,189.74000549316406,5831400.0,184.7852020263672
2018-10-12,193.58999633789062,190.16000366210938,192.75,192.47000122070312,5450200.0,187.44390869140625
2018-10-15,193.2899932861328,190.6999969482422,192.36000061035156,191.1699981689453,3642800.0,186.1778564453125
2018-10-16,194.0800018310547,190.61000061035156,191.8300018310547,193.5800018310547,4057400.0,188.52493286132812
2018-10-17,190.6699981689453,183.97999572753906,189.63999938964844,185.1699981689453,8985700.0,180.3345489501953
2018-10-18,185.39999389648438,179.52999877929688,184.25999450683594,180.44000244140625,9262000.0,175.72805786132812
2018-10-19,180.99000549316406,178.57000732421875,180.33999633789062,179.85000610351562,7004300.0,175.15347290039062
2018-10-22,181.39999389648438,177.55999755859375,180.82000732421875,178.75,4866700.0,174.0821990966797
2018-10-23,179.49000549316406,175.44000244140625,175.77000427246094,178.52999877929688,7004900.0,173.86795043945312
2018-10-24,182.3699951171875,176.30999755859375,178.5800018310547,176.97000122070312,6791700.0,172.3486785888672
2018-10-25,180.5,176.8300018310547,177.52000427246094,179.07000732421875,5228000.0,174.3938446044922
2018-10-26,177.33999633789062,170.91000366210938,176.8800048828125,172.22999572753906,9472200.0,167.73245239257812
2018-10-29,175.99000549316406,170.9499969482422,173.74000549316406,173.1999969482422,5918400.0,168.67710876464844
2018-10-30,176.42999267578125,172.63999938964844,173.16000366210938,176.24000549316406,5657100.0,171.6377410888672
2018-10-31,178.85000610351562,175.58999633789062,177.97999572753906,175.8800048828125,6339500.0,171.28713989257812
2018-11-01,180.86000061035156,175.89999389648438,176.83999633789062,180.4600067138672,5225300.0,175.74752807617188
2018-11-02,183.00999450683594,177.38999938964844,182.47000122070312,179.92999267578125,4730600.0,175.2313690185547
2018-11-05,182.41000366210938,179.3000030517578,181.02000427246094,182.19000244140625,3885300.0,177.43235778808594
2018-11-06,182.64999389648438,180.0500030517578,181.92999267578125,182.00999450683594,3338800.0,177.25706481933594
2018-11-07,187.67999267578125,182.05999755859375,183.7899932861328,187.22999572753906,4673400.0,182.3407440185547
2018-11-08,188.69000244140625,185.72000122070312,187.1300048828125,188.0,4054000.0,183.0906524658203
2018-11-09,188.47999572753906,184.9600067138672,188.32000732421875,185.99000549316406,4761100.0,181.1331329345703
2018-11-12,186.9499969482422,179.02000427246094,185.22999572753906,179.42999267578125,7590400.0,174.74441528320312
2018-11-13,181.6199951171875,172.85000610351562,177.3000030517578,179.0,14274000.0,174.32566833496094
2018-11-14,182.89999389648438,179.14999389648438,182.61000061035156,179.89999389648438,7561100.0,175.20216369628906
2018-11-15,179.6699981689453,173.61000061035156,179.00999450683594,177.36000061035156,8663100.0,172.72850036621094
2018-11-16,177.61000061035156,173.50999450683594,173.99000549316406,177.02000427246094,6834900.0,172.3973846435547
2018-11-19,178.8800048828125,172.3000030517578,176.7100067138672,173.58999633789062,6203400.0,169.0569305419922
2018-11-20,172.0,167.0,169.25,169.0500030517578,8661000.0,164.635498046875
2018-11-21,170.92999267578125,169.14999389648438,170.0,169.3000030517578,5752100.0,164.87896728515625
2018-11-23,170.3300018310547,168.47000122070312,169.38999938964844,168.85000610351562,2711000.0,164.4407196044922
2018-11-26,172.38999938964844,168.8699951171875,170.1999969482422,169.82000732421875,6140500.0,165.38539123535156
2018-11-27,173.3800048828125,168.82000732421875,169.11000061035156,173.22000122070312,7084200.0,168.6966094970703
2018-11-28,177.64999389648438,170.6199951171875,172.91000366210938,177.42999267578125,7133600.0,173.83029174804688
2018-11-29,177.27000427246094,174.9199981689453,176.8000030517578,175.66000366210938,4329300.0,172.09622192382812
2018-11-30,180.3699951171875,175.11000061035156,175.75,180.32000732421875,8942400.0,176.6616668701172
2018-12-03,183.5,179.35000610351562,183.2899932861328,181.74000549316406,7610600.0,178.0528564453125
2018-12-04,182.22999572753906,174.5500030517578,181.05999755859375,175.3000030517578,7059600.0,171.74351501464844
2018-12-06,176.0399932861328,170.4600067138672,173.5,175.9600067138672,7571200.0,172.39012145996094
2018-12-07,178.36000061035156,172.24000549316406,175.35000610351562,172.7899932861328,6226100.0,169.284423828125
2018-12-10,173.99000549316406,167.72999572753906,173.38999938964844,171.69000244140625,5373800.0,168.20675659179688
2018-12-11,175.60000610351562,171.24000549316406,174.3000030517578,172.2100067138672,5229400.0,168.71620178222656
2018-12-12,176.8699951171875,172.80999755859375,173.75,174.2100067138672,5912500.0,170.67562866210938
2018-12-13,174.91000366210938,172.07000732421875,174.30999755859375,173.8699951171875,6102200.0,170.34251403808594
2018-12-14,175.13999938964844,171.9499969482422,172.97999572753906,172.2899932861328,4265200.0,168.79457092285156
2018-12-17,171.99000549316406,166.92999267578125,171.50999450683594,167.97000122070312,5631700.0,164.56222534179688
2018-12-18,171.9499969482422,168.5,168.89999389648438,170.0399932861328,4462200.0,166.5902099609375
2018-12-19,174.9499969482422,166.77000427246094,170.9199981689453,167.55999755859375,6996900.0,164.16053771972656
2018-12-20,167.30999755859375,162.22999572753906,166.27999877929688,164.16000366210938,7675600.0,160.82952880859375
2018-12-21,167.9600067138672,160.1699981689453,162.80999755859375,160.47999572753906,13034100.0,157.2241668701172
2018-12-24,161.39999389648438,158.08999633789062,160.16000366210938,158.13999938964844,4547400.0,154.93165588378906
2018-12-26,168.27999877929688,159.44000244140625,159.4600067138672,168.27999877929688,6141500.0,164.8659210205078
2018-12-27,170.4600067138672,163.36000061035156,166.44000244140625,170.32000732421875,5069300.0,166.8645477294922
2018-12-28,173.1199951171875,168.60000610351562,171.22000122070312,170.22000122070312,4552000.0,166.76658630371094
2018-12-31,173.24000549316406,170.64999389648438,171.47000122070312,171.82000732421875,4206000.0,168.33412170410156
2019-01-02,173.17999267578125,169.0500030517578,169.7100067138672,172.41000366210938,4242900.0,168.9121551513672
2019-01-03,171.83999633789062,168.2100067138672,171.83999633789062,168.61000061035156,4810500.0,165.18923950195312
2019-01-04,174.74000549316406,169.52000427246094,170.17999267578125,173.6199951171875,4762600.0,170.09759521484375
2019-01-07,178.17999267578125,173.8300018310547,173.8300018310547,177.0399932861328,4928800.0,173.44821166992188
2019-01-08,179.58999633789062,175.61000061035156,178.57000732421875,177.88999938964844,4722400.0,174.2809600830078
2019-01-09,181.27000427246094,177.10000610351562,177.8699951171875,179.72999572753906,4922000.0,176.08363342285156
2019-01-10,179.24000549316406,176.33999633789062,178.02999877929688,179.05999755859375,3605300.0,175.42723083496094
2019-01-11,180.25999450683594,177.1199951171875,177.92999267578125,179.41000366210938,3285100.0,175.77012634277344
2019-01-14,179.22999572753906,176.89999389648438,177.58999633789062,178.80999755859375,3871400.0,175.18231201171875
2019-01-15,177.82000732421875,175.1999969482422,176.0800018310547,176.47000122070312,5016100.0,172.8897705078125
2019-01-16,177.92999267578125,175.86000061035156,177.08999633789062,177.0399932861328,4075400.0,173.44821166992188
2019-01-17,175.4600067138672,172.0,174.00999450683594,174.8699951171875,6499200.0,171.3222198486328
2019-01-18,180.0399932861328,176.17999267578125,176.97999572753906,179.5800018310547,6371100.0,175.9366912841797
2019-01-22,178.60000610351562,175.36000061035156,177.49000549316406,177.11000061035156,6272700.0,173.51678466796875
2019-01-23,178.05999755859375,174.52999877929688,176.58999633789062,176.88999938964844,4910400.0,173.30125427246094
2019-01-24,177.52999877929688,175.3000030517578,177.0,177.2899932861328,3860100.0,173.69313049316406
2019-01-25,180.8699951171875,178.61000061035156,179.77999877929688,180.39999389648438,4501800.0,176.7400360107422
2019-01-28,179.99000549316406,177.41000366210938,178.97000122070312,179.8300018310547,4091400.0,176.18161010742188
2019-01-29,180.14999389648438,178.08999633789062,178.9600067138672,179.69000244140625,3686900.0,176.04444885253906
2019-01-30,184.1999969482422,179.77999877929688,180.47000122070312,182.17999267578125,5197700.0,178.48391723632812
2019-01-31,184.6699981689453,181.05999755859375,181.5,183.52999877929688,5138000.0,179.80653381347656
2019-02-01,185.14999389648438,182.8300018310547,184.02999877929688,184.3699951171875,4513100.0,180.62948608398438
2019-02-04,186.42999267578125,183.83999633789062,184.3000030517578,186.42999267578125,3050200.0,182.647705078125
2019-02-05,186.99000549316406,184.69000244140625,186.88999938964844,186.38999938964844,4135200.0,182.6085205078125
2019-02-06,186.69000244140625,184.05999755859375,186.69000244140625,184.72000122070312,3072500.0,180.97239685058594
2019-02-07,184.9199981689453,182.4499969482422,183.74000549316406,184.07000732421875,2793400.0,180.33558654785156
2019-02-08,184.5800018310547,182.72000122070312,183.0500030517578,184.5399932861328,2792300.0,180.79603576660156
2019-02-11,185.4199981689453,182.75,185.0,182.9199981689453,3729200.0,179.2089080810547
2019-02-12,186.39999389648438,183.52000427246094,183.83999633789062,185.52000427246094,3773200.0,181.75616455078125
2019-02-13,188.67999267578125,185.9199981689453,186.3000030517578,188.41000366210938,4146900.0,184.58753967285156
2019-02-14,188.92999267578125,186.0,187.5,187.7100067138672,2600600.0,183.90174865722656
2019-02-15,192.6199951171875,189.0500030517578,189.8699951171875,192.38999938964844,4997900.0,188.48678588867188
2019-02-19,193.19000244140625,191.27999877929688,191.7100067138672,192.3300018310547,3828400.0,188.4280242919922
2019-02-20,192.39999389648438,191.11000061035156,192.38999938964844,191.85000610351562,3970100.0,187.95774841308594
2019-02-21,192.3699951171875,190.61000061035156,191.85000610351562,191.82000732421875,3094200.0,187.92837524414062
2019-02-22,192.5399932861328,191.6199951171875,191.69000244140625,192.38999938964844,3321600.0,188.48678588867188
2019-02-25,193.4199981689453,189.9600067138672,192.75,189.97999572753906,6190700.0,186.12567138671875
2019-02-26,188.47000122070312,182.8000030517578,185.58999633789062,188.3000030517578,13635100.0,184.4797821044922
2019-02-27,188.5,183.2100067138672,187.89999389648438,183.6699981689453,8766200.0,179.94371032714844
2019-02-28,185.19000244140625,183.11000061035156,183.60000610351562,185.13999938964844,8060600.0,181.3838653564453
2019-03-01,186.55999755859375,182.86000061035156,185.82000732421875,185.1699981689453,5481300.0,181.41326904296875
2019-03-04,186.24000549316406,182.10000610351562,186.1999969482422,183.80999755859375,5046800.0,180.0808563232422
2019-03-05,185.1199951171875,183.25,184.24000549316406,184.0,3691000.0,180.2670135498047
2019-03-06,184.97000122070312,183.83999633789062,184.52999877929688,184.4499969482422,4460900.0,180.70787048339844
2019-03-07,184.6199951171875,181.5800018310547,184.38999938964844,182.50999450683594,4122200.0,178.80722045898438
2019-03-08,181.91000366210938,179.52000427246094,181.49000549316406,181.22999572753906,3867100.0,177.55319213867188
2019-03-11,183.1999969482422,181.1999969482422,182.0,182.44000244140625,3866200.0,178.7386474609375
2019-03-12,184.27000427246094,182.3300018310547,183.42999267578125,184.0,3777000.0,180.2670135498047
2019-03-13,183.77999877929688,181.0800018310547,183.24000549316406,181.13999938964844,4528300.0,178.7864990234375
2019-03-14,181.74000549316406,180.5,181.27999877929688,181.61000061035156,4393000.0,179.25039672851562
2019-03-15,182.49000549316406,179.57000732421875,182.3000030517578,182.22999572753906,8059100.0,179.86233520507812
2019-03-18,183.47999572753906,182.3300018310547,182.52999877929688,183.4199981689453,4395800.0,181.03688049316406
2019-03-19,185.82000732421875,183.47999572753906,184.19000244140625,184.1300048828125,4437100.0,181.73765563964844
2019-03-20,187.1199951171875,183.42999267578125,184.3000030517578,186.10000610351562,4772600.0,183.68206787109375
2019-03-21,190.0,185.5,185.5,189.97000122070312,4755700.0,187.50177001953125
2019-03-22,192.0500030517578,188.6699981689453,189.30999755859375,188.75,5173600.0,186.29762268066406
2019-03-25,191.7100067138672,188.50999450683594,188.75,189.67999267578125,3845900.0,187.2155303955078
2019-03-26,192.19000244140625,188.74000549316406,190.69000244140625,189.33999633789062,4143300.0,186.8799591064453
2019-03-27,191.61000061035156,188.38999938964844,189.64999389648438,189.25,4298400.0,186.7911376953125
2019-03-28,191.39999389648438,189.16000366210938,189.91000366210938,190.05999755859375,3326100.0,187.59060668945312
2019-03-29,192.0399932861328,190.13999938964844,190.85000610351562,191.88999938964844,4674100.0,189.39682006835938
2019-04-01,195.89999389648438,192.85000610351562,192.99000549316406,195.63999938964844,5381400.0,193.09811401367188
2019-04-02,195.5,194.02000427246094,195.5,194.30999755859375,2717800.0,191.78538513183594
2019-04-03,198.7899932861328,194.11000061035156,194.97999572753906,198.61000061035156,4581500.0,196.02952575683594
2019-04-04,200.49000549316406,198.02000427246094,199.0,200.4499969482422,3138400.0,197.84561157226562
2019-04-05,203.1300048828125,200.61000061035156,200.86000061035156,202.05999755859375,3615300.0,199.4346923828125
2019-04-08,203.7899932861328,201.24000549316406,201.3699951171875,203.5500030517578,3040900.0,200.90533447265625
2019-04-09,202.7100067138672,200.4600067138672,202.25999450683594,200.89999389648438,3721700.0,198.28976440429688
2019-04-10,201.60000610351562,198.02000427246094,201.25999450683594,199.42999267578125,3587500.0,196.8388671875
2019-04-11,201.5,199.02999877929688,199.89999389648438,201.47999572753906,2465100.0,198.8622283935547
2019-04-12,204.25999450683594,202.1300048828125,202.1300048828125,203.85000610351562,3097900.0,201.20144653320312
2019-04-15,205.13999938964844,203.39999389648438,204.16000366210938,204.86000061035156,3049900.0,202.1983184814453
2019-04-16,205.99000549316406,204.2899932861328,205.25,204.47000122070312,3271400.0,201.81338500976562
2019-04-17,206.83999633789062,205.32000732421875,205.33999633789062,206.5500030517578,3271900.0,203.86634826660156
2019-04-18,207.77999877929688,205.10000610351562,206.02000427246094,205.66000366210938,3162500.0,202.98793029785156
2019-04-22,206.25,204.0,204.11000061035156,204.77999877929688,2593900.0,202.1193389892578
2019-04-23,207.3300018310547,203.42999267578125,205.13999938964844,206.0500030517578,3702600.0,203.37286376953125
2019-04-24,208.3000030517578,205.5399932861328,206.16000366210938,206.72000122070312,2750900.0,204.03414916992188
2019-04-25,207.72000122070312,205.05999755859375,206.00999450683594,206.5,3292100.0,203.81700134277344
2019-04-26,206.13999938964844,203.33999633789062,205.8800048828125,203.61000061035156,3560300.0,200.96453857421875
2019-04-29,203.8000030517578,200.33999633789062,203.30999755859375,202.16000366210938,3785200.0,199.53338623046875
2019-04-30,203.75,200.7899932861328,201.5500030517578,203.6999969482422,3415600.0,201.05337524414062
2019-05-01,203.52000427246094,198.66000366210938,203.1999969482422,198.8000030517578,4644700.0,196.217041015625
2019-05-02,201.05999755859375,198.8000030517578,199.3000030517578,201.00999450683594,2810000.0,198.3983154296875
2019-05-03,202.30999755859375,200.32000732421875,202.0,200.55999755859375,3583400.0,197.9541778564453
2019-05-06,199.92999267578125,198.30999755859375,198.74000549316406,199.6300048828125,2619400.0,197.03627014160156
2019-05-07,197.64999389648438,192.9600067138672,196.75,194.77000427246094,4622100.0,192.23941040039062
2019-05-08,196.61000061035156,193.67999267578125,194.49000549316406,195.1699981689453,3122600.0,192.6342010498047
2019-05-09,195.0800018310547,191.58999633789062,193.30999755859375,194.5800018310547,2917700.0,192.0518798828125
2019-05-10,195.49000549316406,190.00999450683594,193.2100067138672,194.5800018310547,3863600.0,192.0518798828125
2019-05-13,191.66000366210938,189.13999938964844,191.0,190.33999633789062,3325900.0,187.86695861816406
2019-05-14,192.75999450683594,190.00999450683594,190.5,191.6199951171875,3663600.0,189.13034057617188
2019-05-15,192.80999755859375,190.27000427246094,190.80999755859375,191.75999450683594,3355800.0,189.2685089111328
2019-05-16,194.9600067138672,192.1999969482422,192.47000122070312,192.3800048828125,3854000.0,189.88046264648438
2019-05-17,194.5,190.75,190.86000061035156,192.5800018310547,5223800.0,190.07785034179688
2019-05-20,192.86000061035156,190.61000061035156,191.1300048828125,190.9499969482422,4782800.0,188.4690399169922
2019-05-21,192.52000427246094,186.33999633789062,187.1300048828125,191.4499969482422,8555600.0,188.96253967285156
2019-05-22,192.22000122070312,188.0500030517578,190.49000549316406,188.91000366210938,5706000.0,186.45555114746094
2019-05-23,192.5399932861328,186.27000427246094,188.4499969482422,192.0,7754000.0,189.50538635253906
2019-05-24,193.86000061035156,190.41000366210938,192.5399932861328,193.58999633789062,3799500.0,191.07472229003906
2019-05-28,196.47000122070312,191.35000610351562,194.3800048828125,191.5500030517578,5165800.0,189.06124877929688
2019-05-29,191.8800048828125,188.02999877929688,190.27999877929688,189.99000549316406,4569900.0,187.52151489257812
2019-05-30,192.5,190.08999633789062,190.1300048828125,191.0800018310547,3029800.0,188.59735107421875
2019-05-31,190.2899932861328,188.66000366210938,189.63999938964844,189.85000610351562,3681500.0,187.3833465576172
2019-06-03,191.8699951171875,188.75,189.52000427246094,189.57000732421875,4620200.0,187.1069793701172
2019-06-04,195.5,191.4199981689453,191.5800018310547,195.25,5118100.0,192.7131805419922
2019-06-05,196.72000122070312,193.0800018310547,194.00999450683594,196.69000244140625,3704600.0,195.49618530273438
2019-06-06,197.64999389648438,194.9600067138672,196.64999389648438,197.1699981689453,3732900.0,195.9732666015625
2019-06-07,199.02000427246094,196.2100067138672,197.1999969482422,197.3000030517578,3522300.0,196.10247802734375
2019-06-10,199.85000610351562,197.32000732421875,198.55999755859375,198.0500030517578,3154500.0,196.84793090820312
2019-06-11,200.83999633789062,195.83999633789062,199.02000427246094,198.00999450683594,3708500.0,196.80816650390625
2019-06-12,200.19000244140625,197.97999572753906,198.80999755859375,198.94000244140625,2551500.0,197.73252868652344
2019-06-13,202.67999267578125,199.4499969482422,199.9499969482422,202.35000610351562,3630900.0,201.12184143066406
2019-06-14,206.5,201.30999755859375,201.30999755859375,205.77000427246094,4898000.0,204.5210723876953
2019-06-17,208.7899932861328,206.0,207.0,206.97999572753906,4620500.0,205.72372436523438
2019-06-18,210.1699981689453,207.11000061035156,208.10000610351562,207.47999572753906,3891300.0,206.22068786621094
2019-06-19,208.47999572753906,205.89999389648438,207.89999389648438,207.94000244140625,3648200.0,206.6779022216797
2019-06-20,211.66000366210938,209.30999755859375,209.57000732421875,211.25,5171500.0,209.96780395507812
2019-06-21,211.99000549316406,209.0800018310547,211.25999450683594,209.38999938964844,9855000.0,208.1190948486328
2019-06-24,209.25999450683594,205.1199951171875,208.14999389648438,205.5,4943500.0,204.25271606445312
2019-06-25,207.10000610351562,204.1999969482422,206.3000030517578,204.74000549316406,3587900.0,203.49732971191406
2019-06-26,207.32000732421875,204.64999389648438,205.33999633789062,206.4199981689453,3071200.0,205.16712951660156
2019-06-27,208.0,206.00999450683594,207.61000061035156,207.02000427246094,2286800.0,205.76348876953125
2019-06-28,209.0,207.38999938964844,207.77000427246094,207.97000122070312,11069000.0,206.7077178955078
2019-07-01,212.30999755859375,208.1699981689453,209.6999969482422,210.27999877929688,4097700.0,209.00369262695312
2019-07-02,210.25999450683594,208.4600067138672,210.24000549316406,210.13999938964844,3160500.0,208.8645477294922
2019-07-03,212.75,209.6999969482422,209.82000732421875,212.10000610351562,2183700.0,210.81265258789062
2019-07-05,212.1699981689453,209.72999572753906,209.97000122070312,211.4600067138672,2547800.0,210.17654418945312
2019-07-08,213.44000244140625,210.58999633789062,210.97999572753906,212.91000366210938,2705300.0,211.61773681640625
2019-07-09,213.3300018310547,211.1999969482422,211.92999267578125,212.0,2397400.0,210.7132568359375
2019-07-10,211.32000732421875,208.8300018310547,210.72000122070312,210.75,3457400.0,209.47084045410156
2019-07-11,214.0800018310547,211.02000427246094,212.25,214.0399932861328,3450100.0,212.74087524414062
2019-07-12,218.25,214.61000061035156,215.0,218.22999572753906,4429800.0,216.9054412841797
2019-07-15,219.3000030517578,216.80999755859375,218.9499969482422,218.6999969482422,3141300.0,217.37258911132812
2019-07-16,218.35000610351562,216.72999572753906,217.3000030517578,217.25999450683594,2657400.0,215.9413299560547
2019-07-17,217.5800018310547,215.61000061035156,216.72999572753906,215.61000061035156,3037300.0,214.3013458251953
2019-07-18,216.22999572753906,213.00999450683594,215.5,214.44000244140625,3068000.0,213.13844299316406
2019-07-19,215.22999572753906,212.92999267578125,214.6699981689453,213.0399932861328,3254800.0,211.74693298339844
2019-07-22,213.25999450683594,210.3800048828125,213.0,211.27000427246094,2764900.0,209.98768615722656
2019-07-23,214.1300048828125,211.72999572753906,212.57000732421875,213.0800018310547,2589900.0,211.7866973876953
2019-07-24,214.7899932861328,213.07000732421875,213.19000244140625,214.7100067138672,2207100.0,213.4068145751953
2019-07-25,215.9199981689453,213.6300048828125,214.27999877929688,215.5500030517578,2335300.0,214.24171447753906
2019-07-26,217.2100067138672,214.10000610351562,215.52999877929688,216.91000366210938,2675500.0,215.5934600830078
2019-07-29,218.27000427246094,216.35000610351562,216.7899932861328,218.0399932861328,2407200.0,216.71658325195312
2019-07-30,218.58999633789062,216.86000061035156,217.52000427246094,217.36000061035156,2172600.0,216.0407257080078
2019-07-31,217.8000030517578,212.1699981689453,216.35000610351562,213.69000244140625,3426400.0,212.39300537109375
2019-08-01,217.61000061035156,212.02000427246094,214.13999938964844,212.8300018310547,3431500.0,211.53822326660156
2019-08-02,213.13999938964844,211.0800018310547,211.86000061035156,212.14999389648438,2884900.0,210.86233520507812
2019-08-05,209.9600067138672,204.0800018310547,209.52999877929688,204.94000244140625,4553200.0,203.69610595703125
2019-08-06,209.08999633789062,204.5,205.00999450683594,208.8000030517578,3646800.0,207.53268432617188
2019-08-07,208.5,203.1300048828125,206.0399932861328,207.91000366210938,3901100.0,206.64808654785156
2019-08-08,211.69000244140625,208.72000122070312,209.6999969482422,211.57000732421875,2968000.0,210.28587341308594
2019-08-09,212.41000366210938,207.9499969482422,211.4499969482422,210.02000427246094,2912100.0,208.7452850341797
2019-08-12,209.63999938964844,206.14999389648438,208.10000610351562,207.00999450683594,2005000.0,205.7535400390625
2019-08-13,211.6199951171875,204.77999877929688,206.30999755859375,208.3300018310547,3876700.0,207.06553649902344
2019-08-14,205.36000061035156,201.50999450683594,204.4600067138672,201.58999633789062,4582100.0,200.36643981933594
2019-08-15,203.75999450683594,199.0500030517578,203.0,201.7899932861328,4199700.0,200.56521606445312
2019-08-16,204.42999267578125,201.6699981689453,203.75,203.64999389648438,4093600.0,202.41392517089844
2019-08-19,208.82000732421875,205.3000030517578,206.97999572753906,207.9499969482422,6413600.0,206.68783569335938
2019-08-20,217.85000610351562,212.1699981689453,213.5,217.08999633789062,12452600.0,215.77235412597656
2019-08-21,220.8800048828125,216.75999450683594,218.72999572753906,220.39999389648438,7938600.0,219.06227111816406
2019-08-22,222.66000366210938,219.8800048828125,220.0500030517578,221.02000427246094,4544600.0,219.6785125732422
2019-08-23,220.8699951171875,216.00999450683594,219.89999389648438,217.47000122070312,5769300.0,216.15005493164062
2019-08-26,219.5,216.17999267578125,218.4600067138672,218.64999389648438,3680200.0,217.32289123535156
2019-08-27,220.41000366210938,217.91000366210938,219.5500030517578,218.2100067138672,4311700.0,216.8855743408203
2019-08-28,222.08999633789062,217.11000061035156,217.8800048828125,221.9499969482422,3066700.0,220.6028594970703
2019-08-29,227.6999969482422,223.75999450683594,223.89999389648438,227.32000732421875,4184200.0,225.94027709960938
2019-08-30,229.27000427246094,226.69000244140625,228.42999267578125,227.91000366210938,3768300.0,226.5266876220703
2019-09-03,227.6300048828125,223.3800048828125,226.4499969482422,224.07000732421875,4139400.0,222.7100067138672
2019-09-04,224.14999389648438,220.6699981689453,223.9499969482422,224.14999389648438,3132900.0,224.14999389648438
2019-09-05,228.77999877929688,226.25,226.3000030517578,228.14999389648438,3373100.0,228.14999389648438
2019-09-06,231.3699951171875,227.8800048828125,228.6999969482422,231.1300048828125,3237900.0,231.1300048828125
2019-09-09,233.8699951171875,230.0800018310547,231.5,232.8699951171875,4449100.0,232.8699951171875
2019-09-10,233.02000427246094,229.7100067138672,232.25,233.0,4210600.0,233.0
2019-09-11,233.67999267578125,231.02000427246094,232.92999267578125,232.66000366210938,2978300.0,232.66000366210938
2019-09-12,235.49000549316406,233.11000061035156,233.4199981689453,233.8000030517578,3366100.0,233.8000030517578
2019-09-13,234.97000122070312,232.3300018310547,234.3300018310547,233.97999572753906,3805500.0,233.97999572753906
2019-09-16,233.61000061035156,230.61000061035156,232.72999572753906,230.99000549316406,3120200.0,230.99000549316406
2019-09-17,230.3300018310547,226.47000122070312,226.7899932861328,230.2100067138672,3732500.0,230.2100067138672
2019-09-18,231.52999877929688,229.00999450683594,230.3699951171875,230.8300018310547,3341800.0,230.8300018310547
2019-09-19,231.39999389648438,227.9499969482422,231.14999389648438,228.1199951171875,3134000.0,228.1199951171875
2019-09-20,230.0500030517578,224.22999572753906,227.99000549316406,224.6699981689453,7687700.0,224.6699981689453
2019-09-23,227.13999938964844,223.9499969482422,224.16000366210938,226.25,2754000.0,226.25
2019-09-24,230.24000549316406,224.77999877929688,228.13999938964844,225.41000366210938,4511300.0,225.41000366210938
2019-09-25,228.4499969482422,224.5,226.58999633789062,228.10000610351562,3716700.0,228.10000610351562
2019-09-26,231.1199951171875,229.0,229.67999267578125,229.7899932861328,4200600.0,229.7899932861328
2019-09-27,231.75,229.1300048828125,231.61000061035156,229.86000061035156,3152000.0,229.86000061035156
2019-09-30,232.58999633789062,230.1199951171875,230.19000244140625,232.02000427246094,3249200.0,232.02000427246094
2019-10-01,234.50999450683594,230.72000122070312,233.00999450683594,231.0800018310547,3335400.0,231.0800018310547
2019-10-02,230.60000610351562,224.33999633789062,230.60000610351562,225.5500030517578,4336100.0,225.5500030517578
2019-10-03,226.80999755859375,222.1199951171875,225.0,226.80999755859375,2777700.0,226.80999755859375
2019-10-04,229.2100067138672,227.02000427246094,227.1699981689453,227.92999267578125,3163100.0,227.92999267578125
2019-10-07,228.1300048828125,226.0500030517578,227.50999450683594,226.74000549316406,2917600.0,226.74000549316406
2019-10-08,228.77999877929688,225.10000610351562,225.36000061035156,226.6699981689453,3438500.0,226.6699981689453
2019-10-09,229.55999755859375,226.61000061035156,228.5,228.94000244140625,2657600.0,228.94000244140625
2019-10-10,232.24000549316406,229.0800018310547,229.33999633789062,231.61000061035156,2781500.0,231.61000061035156
2019-10-11,236.6999969482422,233.75999450683594,234.32000732421875,234.66000366210938,3459200.0,234.66000366210938
2019-10-14,235.49000549316406,234.05999755859375,234.22000122070312,234.17999267578125,2183900.0,234.17999267578125
2019-10-15,236.86000061035156,234.60000610351562,234.69000244140625,235.6199951171875,2663300.0,235.6199951171875
2019-10-16,236.1699981689453,233.83999633789062,235.4199981689453,235.89999389648438,2388100.0,235.89999389648438
2019-10-17,238.1699981689453,235.50999450683594,236.36000061035156,236.77000427246094,2250500.0,236.77000427246094
2019-10-18,238.72999572753906,235.63999938964844,236.99000549316406,237.92999267578125,3662500.0,237.92999267578125
2019-10-21,238.99000549316406,235.61000061035156,238.25999450683594,236.6999969482422,2041700.0,236.6999969482422
2019-10-22,238.3000030517578,236.52000427246094,237.3000030517578,237.1999969482422,2003200.0,237.1999969482422
2019-10-23,237.41000366210938,234.36000061035156,236.66000366210938,234.6699981689453,2110500.0,234.6699981689453
2019-10-24,236.3699951171875,233.07000732421875,234.80999755859375,233.88999938964844,2173900.0,233.88999938964844
2019-10-25,235.4199981689453,232.5500030517578,233.49000549316406,234.3800048828125,2210700.0,234.3800048828125
2019-10-28,236.9600067138672,234.55999755859375,234.9499969482422,236.8000030517578,2704800.0,236.8000030517578
2019-10-29,237.5,233.9199981689453,236.83999633789062,234.13999938964844,2558000.0,234.13999938964844
2019-10-30,236.60000610351562,232.8800048828125,233.50999450683594,236.24000549316406,1956400.0,236.24000549316406
2019-10-31,237.38999938964844,233.22000122070312,236.86000061035156,234.5800018310547,2824100.0,234.5800018310547
2019-11-01,237.4499969482422,235.05999755859375,236.07000732421875,237.33999633789062,2197000.0,237.33999633789062
2019-11-04,238.38999938964844,233.8800048828125,238.27000427246094,234.9199981689453,2542400.0,234.9199981689453
2019-11-05,234.9199981689453,230.27000427246094,234.74000549316406,232.1999969482422,3624500.0,232.1999969482422
2019-11-06,234.0399932861328,231.88999938964844,232.8300018310547,234.00999450683594,2631900.0,234.00999450683594
2019-11-07,235.7899932861328,231.75999450683594,234.0,232.94000244140625,2832500.0,232.94000244140625
2019-11-08,233.25999450683594,231.6300048828125,232.8000030517578,232.83999633789062,2088400.0,232.83999633789062
2019-11-11,232.27999877929688,230.17999267578125,230.5,231.8000030517578,2309600.0,231.8000030517578
2019-11-12,234.6300048828125,232.0,232.14999389648438,233.1199951171875,2991100.0,233.1199951171875
2019-11-13,234.89999389648438,230.85000610351562,232.08999633789062,234.8000030517578,2399600.0,234.8000030517578
2019-11-14,236.94000244140625,234.0399932861328,235.0,236.5500030517578,2282200.0,236.5500030517578
2019-11-15,238.0500030517578,236.36000061035156,237.69000244140625,237.2899932861328,3524700.0,237.2899932861328
2019-11-18,239.30999755859375,236.75999450683594,238.44000244140625,238.85000610351562,5747400.0,238.85000610351562
2019-11-19,233.1199951171875,225.39999389648438,230.60000610351562,225.86000061035156,14972200.0,225.86000061035156
2019-11-20,225.0,220.57000732421875,224.5500030517578,220.89999389648438,10225400.0,220.89999389648438
2019-11-21,222.30999755859375,218.5,221.94000244140625,218.5399932861328,7823700.0,218.5399932861328
2019-11-22,219.1300048828125,217.80999755859375,218.5,218.02999877929688,5786500.0,218.02999877929688
2019-11-25,218.52999877929688,216.8800048828125,218.0,218.39999389648438,8865400.0,218.39999389648438
2019-11-26,220.9600067138672,218.38999938964844,218.75999450683594,220.75999450683594,9981400.0,220.75999450683594
2019-11-27,223.4499969482422,220.66000366210938,221.67999267578125,223.0,6687500.0,223.0
2019-11-29,223.3300018310547,220.2899932861328,223.3000030517578,220.50999450683594,2952900.0,220.50999450683594
